0 414
0 149
0 134
0 513
0 515
0 621
0 120
0 764
1 389
1 456
1 803
1 897
1 100
2 912
2 39
2 576
2 783
2 803
2 502
3 466
3 944
3 93
3 328
4 33
4 824
4 416
4 804
4 774
4 294
4 503
4 18
4 659
4 4
4 331
4 236
4 593
4 197
4 286
4 265
4 840
4 665
4 343
4 713
4 309
4 769
4 738
4 624
4 597
4 798
4 306
4 759
4 717
4 177
4 492
4 905
4 516
4 701
4 321
5 376
5 403
6 262
6 669
6 600
6 96
6 612
6 764
6 810
7 151
7 857
7 425
8 948
8 746
8 104
8 423
9 311
9 277
9 32
9 887
9 216
9 273
9 586
9 523
9 704
10 646
10 984
11 141
11 635
11 283
11 377
11 395
12 892
12 448
12 377
12 453
13 643
13 121
13 86
14 543
14 398
14 927
15 510
15 809
15 942
15 381
15 534
15 282
15 327
16 257
16 803
16 423
16 746
16 255
16 794
17 88
17 973
17 743
17 543
17 115
17 203
17 73
18 752
18 225
18 434
18 764
19 188
19 227
19 723
19 340
19 268
19 431
19 447
19 558
19 621
19 764
19 844
20 335
20 504
21 292
21 562
21 197
21 505
22 806
22 564
22 544
22 189
22 235
23 76
23 379
23 73
23 762
24 110
24 559
24 413
24 477
24 38
24 80
24 244
25 714
25 453
25 458
26 83
26 283
26 896
26 458
26 611
27 501
27 578
28 268
28 756
28 209
28 120
28 764
29 281
29 529
29 73
29 142
29 270
30 536
30 647
30 703
30 73
30 132
30 661
30 429
31 679
31 168
31 633
31 634
31 750
32 877
33 419
33 722
33 733
34 464
34 981
34 319
35 640
35 433
35 694
35 827
36 937
36 407
36 213
36 978
37 792
37 277
37 786
38 402
38 117
38 932
39 255
40 883
40 185
41 512
41 665
41 733
41 147
41 681
41 359
42 824
42 496
43 540
43 696
43 927
43 642
43 629
43 291
43 913
44 170
44 548
44 73
44 551
44 300
44 267
44 379
44 269
44 114
44 695
44 522
44 467
44 514
44 330
44 152
45 160
45 790
45 908
45 191
45 849
45 975
46 988
46 973
46 561
46 60
46 141
46 326
46 969
47 90
47 206
47 73
48 534
48 625
48 73
48 152
48 971
48 484
49 404
49 642
49 878
49 635
50 612
50 102
50 730
50 477
51 789
51 399
51 772
51 867
51 948
52 591
52 700
52 685
52 481
53 426
53 526
53 243
53 117
54 569
54 628
54 73
54 206
54 971
55 299
55 628
55 73
56 544
56 837
56 482
57 568
57 82
57 570
57 93
58 753
58 258
58 616
58 196
59 526
59 932
59 382
59 909
60 988
60 298
60 326
60 453
61 846
61 626
61 586
61 894
61 704
61 813
62 832
62 543
62 918
62 972
62 675
62 438
62 507
63 547
63 559
63 382
64 833
64 817
64 211
64 305
64 453
65 331
65 526
65 449
66 442
66 881
66 455
66 837
66 264
66 542
66 435
66 651
66 714
66 934
66 947
67 632
67 542
67 380
67 650
67 803
67 375
68 972
68 103
68 829
68 832
69 398
69 285
69 891
70 575
70 636
70 539
70 73
70 695
71 530
71 128
71 162
72 252
72 687
72 757
72 787
73 484
73 989
73 781
73 312
73 863
73 667
73 745
73 260
73 539
73 760
73 563
73 775
73 221
73 555
73 274
73 615
73 573
73 132
73 886
73 325
73 516
73 219
73 87
73 206
73 281
73 418
73 463
73 365
73 690
73 736
73 990
73 903
73 556
73 611
73 77
73 76
73 84
73 152
73 888
73 971
73 142
73 748
73 985
73 347
73 851
73 379
73 608
73 661
73 548
73 351
73 202
73 536
73 882
73 695
73 241
73 890
73 575
73 528
73 693
73 461
73 625
73 113
73 970
73 317
73 791
73 828
73 170
73 471
73 546
73 976
73 815
73 429
73 691
73 267
73 551
73 999
73 394
73 784
73 905
73 173
73 90
73 250
73 155
73 388
73 249
73 534
73 153
73 107
73 81
73 518
73 73
73 114
73 522
73 514
73 647
73 146
73 954
73 636
73 613
73 445
73 144
73 498
73 256
73 99
73 762
73 131
73 524
73 703
73 299
73 605
73 406
73 858
73 158
73 741
73 993
73 111
73 967
73 628
73 639
73 184
73 467
73 569
73 682
73 386
73 280
73 831
73 473
73 519
73 94
73 362
73 585
73 677
73 308
73 426
73 494
73 442
73 295
73 419
73 759
73 293
73 837
73 350
73 771
73 297
73 138
73 579
74 789
74 651
74 410
74 482
74 206
75 867
75 137
75 240
75 848
76 274
76 94
77 256
77 985
78 361
78 440
78 800
78 803
79 453
79 589
79 82
79 871
79 946
80 944
80 946
80 923
80 367
81 113
82 707
82 320
82 946
83 675
83 203
83 833
83 405
83 973
83 499
83 729
83 617
83 453
84 522
85 201
85 238
85 550
85 582
86 96
86 648
86 134
86 495
86 451
86 150
86 288
86 621
86 692
87 555
87 781
88 874
88 275
88 833
89 380
89 126
89 352
89 875
90 524
90 585
91 527
91 338
91 543
91 326
91 453
92 764
92 531
93 538
93 941
93 855
93 549
93 631
93 243
93 749
93 97
94 546
94 99
94 695
94 831
94 851
95 573
95 269
95 351
96 723
96 612
96 614
96 764
96 431
97 244
97 566
97 450
98 950
98 212
98 765
98 612
98 238
99 831
100 880
100 946
100 318
100 387
100 631
100 535
100 426
100 108
100 234
100 549
100 367
100 941
101 612
101 195
101 469
101 621
101 315
101 991
101 634
102 348
103 891
103 869
103 950
104 581
104 819
105 973
105 543
105 453
106 549
106 589
106 320
107 569
107 132
108 923
109 612
109 621
109 121
110 453
110 214
110 956
111 519
112 597
112 864
113 994
113 831
114 555
114 135
114 152
115 936
115 326
115 499
116 623
116 476
116 764
116 363
117 410
117 835
118 124
118 520
118 570
119 975
119 977
119 790
120 150
120 451
121 907
121 227
121 282
121 764
122 856
122 323
122 873
122 423
122 464
123 371
123 901
124 526
124 244
124 904
125 612
125 641
125 238
125 764
125 933
126 542
126 266
126 948
126 363
127 181
127 293
127 140
127 742
127 792
128 589
129 858
129 954
129 695
129 831
130 750
130 616
130 847
131 621
131 219
131 695
132 775
132 791
132 158
132 281
132 796
133 678
133 330
133 174
134 621
134 139
134 315
135 585
135 362
135 971
136 764
136 598
136 830
136 140
136 813
136 821
137 939
137 895
137 900
138 766
139 289
139 764
139 315
139 844
140 977
140 702
140 175
141 453
142 250
143 408
143 414
144 625
144 269
144 362
144 971
145 187
145 652
145 764
146 611
146 362
147 665
147 681
147 796
147 313
147 966
148 245
148 376
148 751
149 495
149 669
149 315
150 637
150 355
151 604
151 697
151 740
151 930
151 240
152 260
152 362
153 791
153 858
154 943
154 788
154 436
154 756
155 548
156 356
156 619
156 161
157 637
157 911
157 949
159 383
159 353
159 236
159 757
160 663
160 709
161 786
162 971
162 531
162 558
163 769
163 358
163 290
163 331
163 929
164 294
164 496
164 422
164 942
165 278
165 407
165 341
165 942
165 475
166 588
166 405
166 891
166 395
166 438
167 621
167 212
168 827
168 344
168 683
169 536
169 379
169 695
169 362
170 858
170 206
170 249
170 971
171 825
171 460
171 486
172 664
172 679
172 678
172 258
172 825
173 528
173 274
173 831
173 976
174 795
174 755
175 887
176 663
176 233
176 213
177 659
177 254
178 779
178 870
178 340
178 424
178 238
178 793
179 577
179 409
180 595
180 612
180 641
180 764
181 925
181 216
181 699
181 773
181 277
182 409
182 360
182 385
182 397
182 929
182 480
183 862
183 468
184 905
184 999
184 241
184 971
185 541
185 679
185 223
185 504
185 660
185 435
185 486
186 795
186 906
186 883
186 646
187 621
187 728
187 953
187 827
188 641
188 780
189 931
189 959
190 681
190 359
190 798
190 732
190 254
191 381
191 777
191 271
191 711
191 786
192 612
192 964
192 677
192 652
192 764
193 902
193 877
194 706
194 792
194 354
194 341
195 587
195 641
195 764
195 911
196 644
197 752
198 635
198 854
198 832
198 372
198 919
199 929
199 653
199 965
199 779
199 573
199 734
199 764
199 315
200 308
200 517
201 263
201 738
201 428
201 839
202 548
202 741
202 365
202 498
203 617
204 721
204 208
205 592
205 879
205 876
206 524
206 430
206 519
206 556
206 388
206 473
206 406
206 522
206 628
206 762
206 784
207 207
207 777
207 821
207 942
207 996
208 411
208 827
209 612
209 764
210 996
210 768
211 438
211 404
211 590
211 961
212 587
212 612
212 657
213 311
213 813
214 371
214 627
214 446
215 677
215 788
215 814
215 469
216 572
216 591
216 699
216 341
216 942
217 713
217 930
218 699
218 356
218 816
219 518
219 693
220 584
220 738
220 409
221 911
221 518
221 362
222 862
222 344
222 223
223 962
223 284
223 960
223 403
223 420
224 228
224 726
224 653
225 713
225 428
226 577
226 673
226 920
227 612
227 641
227 861
228 316
228 785
229 537
229 346
229 239
229 651
229 883
230 424
230 943
230 764
231 701
231 597
231 350
232 472
232 525
232 819
233 763
233 981
234 535
234 345
235 389
235 560
235 895
236 512
236 864
236 824
236 979
236 358
236 749
236 787
236 987
236 784
237 600
237 723
237 964
237 355
238 304
238 242
238 487
238 595
238 436
238 315
238 357
238 949
239 800
239 615
240 574
240 375
240 807
240 264
240 806
242 612
242 614
242 259
244 402
245 342
245 301
245 827
246 693
246 831
246 433
246 468
246 949
247 709
247 327
247 821
248 508
248 977
248 821
248 942
249 971
250 528
250 514
250 851
250 934
251 465
251 660
251 827
251 898
251 818
252 503
252 331
252 963
253 746
253 441
253 261
253 935
253 482
254 383
254 497
254 695
255 986
255 537
255 442
256 524
256 615
256 693
256 362
257 455
258 606
258 646
258 758
258 433
258 280
258 827
259 621
259 764
259 657
259 469
260 905
260 300
260 355
261 412
261 482
262 621
262 653
263 724
263 303
264 553
265 597
265 649
265 341
266 442
267 970
267 762
267 933
267 831
268 764
268 315
269 534
269 985
269 918
270 754
271 579
271 296
271 481
271 489
272 721
272 960
273 619
273 705
273 735
274 748
275 696
275 585
276 634
276 679
276 433
276 924
276 983
277 739
277 809
277 928
277 803
278 702
278 735
278 813
278 322
279 560
279 789
279 959
280 585
280 754
282 942
283 926
283 490
284 634
285 288
286 868
286 804
286 497
287 598
287 998
287 287
287 969
288 892
288 453
288 878
289 621
289 315
290 951
290 656
290 292
291 805
291 838
291 326
291 453
292 850
293 612
293 598
293 942
294 674
294 786
295 764
295 907
295 911
296 865
296 685
296 849
296 821
297 552
297 634
297 658
298 737
298 872
299 524
299 539
299 971
300 326
300 555
300 463
301 662
301 823
302 366
302 654
303 720
303 656
303 494
304 587
305 543
306 562
306 309
306 839
306 434
307 561
307 543
307 326
307 869
308 739
308 654
308 996
309 584
309 667
310 525
310 632
311 786
312 859
312 406
312 695
312 971
312 463
312 993
313 713
313 378
313 919
314 383
314 799
314 442
314 502
315 431
315 408
315 392
315 515
315 643
315 814
315 638
315 480
315 580
315 463
316 757
316 857
316 946
317 611
317 695
318 568
318 492
318 944
318 402
318 724
319 427
319 842
319 341
320 940
321 749
321 688
321 864
321 437
322 902
322 845
322 942
323 574
324 632
324 361
325 546
325 585
326 349
326 398
326 725
326 499
326 918
326 617
326 921
326 832
326 532
326 838
326 458
326 988
326 588
326 527
326 448
326 878
326 802
326 885
326 688
326 961
327 454
328 559
329 764
329 601
330 634
330 721
331 443
331 474
331 726
331 419
331 787
332 332
332 871
333 635
333 600
333 621
333 764
333 994
334 645
334 564
334 502
335 662
335 938
336 532
336 617
336 339
337 739
337 808
338 620
339 620
339 629
339 716
339 507
340 612
340 618
340 764
341 458
342 462
342 679
342 812
343 419
343 919
345 538
345 995
345 547
345 558
345 501
345 382
346 783
346 807
346 482
347 471
347 971
348 438
348 535
348 566
348 870
348 946
349 927
350 796
350 914
350 353
351 703
352 852
353 839
353 428
354 517
354 731
354 860
356 715
356 739
356 813
357 612
360 521
361 821
362 516
362 524
362 682
362 529
362 556
362 667
362 967
362 388
362 890
362 970
362 518
362 760
362 406
362 647
362 832
362 869
362 706
363 764
363 408
363 670
364 530
364 570
364 909
365 529
365 750
366 499
367 946
368 694
368 778
369 621
369 606
370 374
370 478
370 955
371 849
371 462
372 571
372 590
372 453
373 764
373 531
373 630
374 564
374 442
375 650
375 881
375 464
376 718
377 802
377 832
378 796
379 529
379 754
379 971
380 632
380 761
381 663
381 771
381 393
381 942
382 462
383 724
383 512
384 542
384 803
385 857
386 754
386 905
387 980
387 880
388 524
388 661
388 667
388 736
389 629
389 442
390 544
390 650
390 482
391 428
391 403
391 920
392 612
392 793
393 427
393 401
393 830
393 959
394 563
395 540
396 821
396 705
396 942
397 749
397 963
398 561
398 629
398 458
399 525
399 848
400 580
400 771
400 786
401 591
401 739
401 845
403 486
404 620
404 629
404 696
404 483
405 832
405 571
407 786
407 977
407 849
407 777
407 616
408 515
408 621
409 428
410 897
410 410
410 645
410 483
411 671
411 750
412 912
413 423
414 764
415 786
415 685
415 982
416 857
416 733
416 966
416 493
416 585
417 660
417 766
418 695
420 764
420 765
420 949
421 920
421 753
422 930
423 794
423 455
424 643
425 673
427 565
427 685
428 949
430 585
430 693
431 949
432 450
432 538
433 679
433 747
434 732
435 553
435 456
435 794
436 764
437 593
438 561
438 629
438 841
439 537
439 945
439 744
439 873
440 912
440 442
440 483
441 542
441 553
442 948
442 456
442 581
442 824
443 759
444 650
444 895
444 483
444 942
445 954
446 535
446 449
447 764
447 994
448 532
448 802
449 547
450 630
450 557
450 731
451 949
452 621
452 764
453 716
453 527
453 892
453 507
453 950
453 714
453 872
453 969
454 729
457 584
457 656
457 673
458 540
458 973
458 590
458 607
459 773
459 922
460 684
460 718
461 831
461 748
462 940
462 630
463 695
463 628
464 848
464 881
464 807
464 935
464 501
464 803
464 483
465 634
466 582
467 639
468 827
469 974
470 680
470 924
471 976
472 873
473 585
473 971
474 701
475 942
475 998
476 764
478 803
478 679
479 592
479 751
479 879
480 726
481 942
481 777
482 509
482 574
482 544
482 811
482 772
482 650
482 503
482 510
483 935
483 948
483 867
485 775
485 784
487 612
487 810
488 764
488 991
489 842
489 510
490 617
491 591
491 834
492 868
493 726
494 839
495 614
498 989
499 889
500 833
500 621
500 764
503 803
504 671
505 641
505 653
505 764
505 911
505 621
505 505
506 572
506 676
506 820
508 742
508 729
509 525
509 761
510 942
510 925
510 786
511 554
511 729
511 739
511 786
512 798
513 767
513 621
513 653
513 712
514 690
514 882
514 613
514 831
514 851
515 652
516 551
516 693
516 831
517 706
518 882
518 615
518 971
519 841
519 548
520 630
520 980
521 697
521 797
522 760
522 551
523 750
523 523
524 703
524 993
524 903
524 840
525 772
526 631
526 582
526 627
526 904
527 838
527 571
528 903
529 647
531 727
531 550
532 921
532 714
532 841
533 707
533 545
534 605
534 831
535 627
535 727
536 791
536 608
536 831
537 803
538 855
539 903
539 585
539 831
540 590
541 634
541 753
543 737
543 896
544 885
544 895
545 727
545 589
547 901
548 886
549 559
552 862
552 924
553 645
553 744
554 865
554 654
554 715
554 842
555 745
556 815
556 886
557 880
557 932
558 672
558 631
558 589
559 567
560 986
561 841
561 872
561 642
561 927
561 817
561 878
561 827
561 918
561 843
563 882
563 667
565 709
566 672
567 944
569 888
570 582
570 730
572 612
573 863
574 826
575 989
575 636
575 667
576 581
577 666
577 673
578 945
579 739
579 860
580 942
580 647
583 817
583 829
583 854
584 824
584 868
584 942
585 611
585 999
585 691
585 863
585 903
585 703
585 615
586 706
586 786
586 808
586 816
587 622
587 764
588 833
588 725
588 629
588 874
589 609
589 589
589 880
589 780
589 782
589 946
591 771
591 700
591 594
591 731
591 978
591 922
591 794
591 860
592 758
592 827
593 914
593 797
594 809
595 641
596 929
596 787
596 726
596 930
598 977
598 602
598 731
598 860
598 924
599 600
599 621
600 610
600 653
601 994
601 648
601 692
602 925
602 849
602 786
603 648
603 622
604 720
605 764
605 693
606 719
606 924
607 926
607 927
607 743
608 611
608 667
608 971
609 880
610 708
610 612
610 764
611 836
611 695
612 637
612 994
612 788
612 638
612 917
612 668
612 670
612 764
613 905
614 994
616 694
617 913
617 957
617 832
617 961
618 861
618 668
618 764
618 911
619 654
621 844
621 652
621 765
621 997
621 884
621 767
621 965
621 668
621 994
621 758
621 786
622 698
622 764
623 965
623 968
623 623
623 653
624 688
626 893
626 865
626 768
626 709
629 950
629 936
632 856
632 935
633 823
633 662
633 721
634 898
634 924
635 737
636 971
637 734
637 764
638 870
638 764
640 640
640 644
640 679
640 686
641 748
643 814
643 764
644 876
647 989
647 690
647 695
648 764
649 774
649 929
650 806
652 764
652 943
653 764
654 928
654 942
655 997
655 708
655 764
656 797
657 712
657 764
658 827
659 666
660 680
660 843
662 778
662 876
662 952
662 747
662 980
663 942
664 962
664 683
664 719
665 732
665 797
668 949
669 764
670 953
673 743
674 951
674 687
676 894
676 845
676 849
677 698
677 765
677 764
677 949
677 994
678 778
679 812
679 958
679 718
679 686
679 710
680 766
680 827
682 831
683 694
684 823
684 827
685 786
686 920
688 724
689 695
689 995
690 971
692 992
693 815
694 742
694 847
695 985
695 990
695 970
696 927
697 868
697 987
699 709
699 849
699 942
700 763
701 722
701 857
703 851
704 813
704 821
704 996
705 768
705 786
707 956
707 980
707 921
708 764
709 745
709 849
709 866
710 797
711 928
713 840
713 822
714 841
714 950
715 768
716 725
716 950
717 864
717 963
720 770
721 938
725 802
725 889
726 770
728 810
728 964
729 916
733 740
735 908
737 950
739 924
739 916
742 853
742 830
744 897
745 828
747 843
749 979
750 827
751 827
753 920
754 971
755 883
755 983
756 776
758 899
759 987
760 831
760 971
762 831
762 836
764 767
764 917
764 776
764 933
764 814
764 793
764 884
764 968
764 907
764 870
764 974
764 810
764 804
764 966
766 831
768 786
768 996
770 868
771 877
773 777
773 978
774 785
776 861
777 942
779 780
780 824
780 788
782 855
785 919
785 979
786 853
786 922
786 846
786 910
786 866
787 850
787 870
788 993
789 947
790 942
790 975
796 840
797 951
799 837
801 807
801 811
805 988
806 939
807 811
808 977
812 906
813 813
813 874
816 942
817 996
818 984
818 920
818 924
820 834
820 937
821 887
821 846
821 916
822 822
824 919
826 934
831 976
831 967
832 918
835 901
836 859
839 919
841 957
841 869
842 893
843 958
843 899
844 991
845 975
846 910
849 982
849 915
851 860
852 955
852 875
852 900
853 957
854 891
855 995
856 931
861 971
865 915
866 877
875 875
893 894
894 942
895 945
896 957
911 994
922 942
924 952
925 978
926 950
949 991
949 965
949 992
949 994
957 973
965 994
971 993
974 992
