1	1	1
2	2	1
3	3	1
4	4	1
5	5	1
6	6	1
7	0	0
8	7	1
9	8	1
10	9	1
11	10	1
12	11	1
13	12	1
14	13	1
15	14	1
16	15	1
17	16	1
18	0	0
19	17	1
20	12	1
21	11	1
22	18	1
23	19	1
24	20	1
25	21	1
26	22	1
27	23	1
28	24	1
29	25	1
30	20	1
31	0	0
32	26	1
33	8	1
34	27	1
35	18	1
36	28	1
37	29	1
38	30	1
39	31	1
40	32	1
41	13	1
42	33	1
43	14	1
44	0	0
45	34	1
46	35	1
47	36	1
48	13	1
49	0	0
50	11	1
51	25	1
52	2	1
53	6	1
54	12	1
55	13	1
56	24	1
57	37	1
58	38	1
59	39	1
60	40	1
61	27	1
62	15	1
63	25	1
64	41	1
65	42	1
66	43	1
67	18	1
68	44	1
69	9	1
70	21	1
71	45	1
72	25	1
73	46	1
74	33	1
75	46	1
76	6	1
77	47	1
78	48	1
79	33	1
80	1	1
81	13	1
82	46	1
83	9	1
84	25	1
85	49	1
86	23	1
87	19	1
88	67	0
89	27	1
90	1	1
91	24	1
92	48	1
93	50	1
94	1	1
95	84	0
96	46	1
97	12	1
98	19	1
99	51	1
100	26	1
101	0	0
102	33	1
103	4	0
104	52	1
105	18	1
106	24	1
107	5	1
108	51	1
109	53	1
110	54	1
111	55	1
112	11	1
113	18	1
114	56	1
115	57	1
116	46	1
117	21	1
118	33	1
119	9	1
120	58	1
121	0	0
122	59	1
123	33	1
124	33	1
125	0	0
126	20	1
127	33	1
128	13	1
129	60	1
130	25	0
131	61	1
132	21	1
133	3	1
134	50	1
135	0	0
136	46	1
137	62	1
138	55	1
139	19	1
140	63	1
141	19	1
142	64	1
143	13	1
144	61	1
145	65	1
146	27	1
147	48	1
148	56	1
149	7	1
150	61	1
151	7	1
152	9	1
153	1	1
154	66	1
155	66	1
156	20	1
157	67	1
158	48	1
159	47	1
160	62	1
161	33	1
162	57	1
163	0	0
164	68	1
165	22	1
166	8	1
167	16	1
168	57	1
169	25	1
170	69	1
171	70	1
172	61	1
173	26	1
174	71	1
175	98	0
176	56	1
177	0	0
178	3	1
179	72	1
180	26	1
181	50	1
182	41	1
183	43	1
184	21	1
185	3	1
186	71	1
187	57	1
188	31	1
189	26	1
190	22	1
191	43	1
192	66	1
193	73	1
194	6	1
195	21	1
196	56	1
197	9	1
198	16	1
199	6	1
200	26	1
201	43	1
202	6	1
203	66	1
204	46	1
205	0	0
206	64	1
207	23	1
208	52	1
209	16	1
210	4	1
211	54	1
212	61	1
213	43	1
214	65	1
215	26	1
216	13	1
217	18	1
218	70	1
219	12	1
220	45	1
221	43	1
222	41	1
223	57	1
224	19	1
225	46	1
226	27	1
227	36	1
228	20	0
229	63	1
230	36	1
231	48	1
232	14	1
233	43	1
234	70	1
235	3	1
236	74	1
237	43	1
238	43	1
239	9	1
240	21	1
241	43	1
242	48	1
243	20	1
244	3	1
245	36	1
246	54	1
247	49	1
248	20	1
249	19	1
250	59	1
251	20	1
252	66	1
253	26	1
254	27	1
255	57	1
256	75	1
257	76	1
258	12	1
259	73	1
260	56	1
261	43	1
262	41	1
263	20	0
264	8	1
265	65	1
266	32	1
267	43	1
268	21	1
269	5	1
270	0	0
271	55	1
272	21	1
273	48	1
274	53	1
275	0	0
276	31	1
277	27	1
278	20	1
279	77	1
280	31	1
281	55	1
282	0	0
283	8	1
284	66	1
285	15	1
286	4	1
287	47	1
288	10	1
289	2	1
290	53	1
291	50	1
292	8	1
293	41	1
294	28	1
295	78	1
296	25	1
297	41	1
298	76	1
299	41	1
300	30	1
301	20	1
302	21	1
303	14	1
304	1	1
305	41	1
306	20	1
307	31	1
308	66	1
309	36	1
310	79	1
311	31	1
312	30	1
313	72	1
314	0	0
315	55	1
316	48	1
317	20	1
318	45	1
319	43	1
320	8	1
321	25	1
322	0	0
323	25	1
324	80	1
325	33	1
326	36	1
327	53	1
328	67	1
329	57	1
330	0	0
331	79	1
332	67	1
333	60	1
334	56	1
335	57	1
336	5	1
337	81	1
338	0	0
339	19	1
340	20	1
341	24	1
342	55	1
343	0	0
344	63	1
345	56	1
346	24	1
347	40	1
348	14	1
349	64	1
350	0	0
351	27	0
352	6	1
353	3	1
354	55	1
355	25	1
356	11	1
357	79	1
358	82	1
359	40	1
360	0	0
361	27	1
362	66	1
363	77	1
364	78	1
365	83	1
366	26	1
367	34	1
368	24	1
369	24	1
370	14	1
371	84	1
372	75	1
373	0	0
374	16	1
375	66	1
376	85	1
377	61	1
378	30	1
379	49	1
380	16	1
381	0	0
382	21	1
383	24	1
384	41	1
385	56	1
386	73	1
387	43	1
388	86	1
389	25	1
390	46	1
391	23	1
392	58	1
393	31	1
394	0	0
395	62	1
396	46	1
397	81	1
398	30	1
399	65	1
400	25	1
401	60	0
402	13	1
403	21	1
404	9	1
405	79	1
406	55	1
407	11	1
408	3	1
409	65	1
410	87	1
411	82	0
412	9	1
413	88	1
414	46	0
415	30	1
416	61	1
417	29	1
418	26	1
419	71	1
420	12	0
421	24	1
422	31	1
423	23	1
424	40	1
425	19	1
426	24	1
427	73	1
428	89	1
429	55	1
430	21	1
431	34	1
432	71	1
433	8	1
434	3	1
435	48	1
436	84	1
437	6	1
438	36	1
439	25	1
440	0	0
441	55	1
442	43	1
443	24	1
444	26	1
445	0	0
446	11	1
447	6	1
448	41	1
449	11	1
450	21	1
451	48	1
452	52	1
453	46	1
454	84	1
455	20	1
456	90	1
457	34	1
458	16	1
459	56	1
460	14	1
461	84	1
462	90	1
463	41	1
464	20	1
465	23	1
466	18	1
467	12	1
468	56	1
469	55	1
470	57	1
471	56	1
472	40	1
473	29	1
474	26	1
475	56	1
476	82	1
477	73	1
478	1	1
479	6	0
480	55	1
481	25	1
482	46	1
483	8	1
484	6	1
485	24	1
486	18	1
487	26	1
488	84	1
489	50	1
490	24	1
491	47	1
492	66	1
493	11	1
494	1	1
495	26	1
496	75	1
497	18	1
498	16	1
499	3	1
500	13	1
501	1	1
502	0	0
503	33	1
504	21	1
505	41	1
506	79	1
507	89	1
508	25	1
509	1	1
510	40	1
511	27	1
512	33	0
513	0	0
514	3	1
515	46	1
516	5	1
517	9	1
518	77	1
519	36	1
520	26	1
521	34	1
522	2	1
523	5	1
524	15	1
525	63	1
526	20	1
527	2	1
528	40	1
529	20	1
530	0	0
531	21	1
532	84	1
533	81	1
534	57	1
535	63	1
536	9	1
537	66	1
538	43	1
539	64	1
540	33	1
541	78	1
542	48	1
543	56	1
544	11	1
545	34	1
546	57	1
547	32	1
548	48	1
549	18	1
550	41	1
551	17	1
552	78	1
553	84	1
554	8	1
555	59	1
556	20	1
557	43	1
558	16	1
559	48	1
560	10	1
561	44	1
562	41	1
563	20	1
564	41	1
565	3	1
566	18	1
567	35	1
568	33	1
569	18	1
570	66	1
571	10	1
572	0	0
573	16	1
574	21	1
575	70	1
576	60	1
577	7	1
578	40	1
579	20	1
580	66	1
581	46	1
582	21	1
583	57	1
584	6	1
585	58	1
586	18	1
587	2	1
588	17	1
589	98	0
590	20	1
591	3	1
592	84	1
593	74	1
594	48	1
595	84	1
596	50	1
597	90	1
598	12	1
599	46	1
600	82	1
601	28	1
602	67	1
603	58	1
604	48	1
605	41	1
606	20	1
607	26	1
608	1	1
609	20	1
610	0	0
611	18	1
612	20	1
613	57	1
614	18	1
615	66	1
616	91	1
617	20	1
618	13	1
619	21	0
620	46	1
621	17	1
622	19	1
623	0	0
624	11	1
625	46	1
626	6	1
627	49	1
628	49	1
629	6	1
630	25	0
631	18	1
632	25	1
633	34	1
634	31	1
635	4	1
636	13	1
637	76	1
638	19	1
639	25	1
640	0	0
641	40	1
642	59	1
643	41	1
644	24	1
645	25	1
646	79	1
647	13	1
648	25	1
649	37	1
650	52	1
651	43	1
652	57	1
653	34	1
654	28	1
655	20	1
656	20	1
657	20	1
658	79	1
659	52	1
660	75	1
661	2	1
662	82	1
663	41	1
664	11	1
665	41	1
666	3	1
667	32	1
668	4	1
669	3	1
670	0	0
671	85	1
672	65	1
673	66	1
674	65	1
675	17	1
676	36	1
677	50	1
678	58	1
679	87	1
680	26	1
681	0	0
682	6	1
683	75	1
684	54	1
685	28	1
686	29	1
687	11	1
688	20	1
689	43	1
690	43	1
691	48	1
692	20	1
693	23	1
694	43	1
695	13	1
696	65	1
697	6	1
698	57	1
699	58	1
700	11	1
701	79	1
702	29	1
703	52	1
704	67	1
705	82	1
706	52	1
707	0	0
708	4	1
709	20	0
710	52	1
711	20	1
712	16	1
713	6	1
714	92	1
715	54	1
716	0	0
717	52	1
718	65	1
719	77	0
720	26	1
721	0	0
722	48	1
723	61	1
724	52	1
725	31	1
726	12	1
727	9	1
728	6	1
729	11	1
730	65	1
731	19	1
732	63	1
733	18	1
734	6	1
735	52	1
736	9	1
737	60	1
738	29	1
739	60	1
740	9	1
741	82	1
742	84	1
743	21	1
744	20	1
745	0	0
746	26	1
747	29	1
748	20	1
749	94	0
750	26	1
751	1	1
752	57	1
753	10	1
754	20	1
755	20	1
756	45	1
757	11	1
758	79	1
759	9	1
760	26	1
761	16	1
762	41	1
763	52	1
764	61	1
765	66	1
766	9	1
767	5	1
768	52	1
769	29	1
770	13	1
771	0	0
772	43	1
773	55	1
774	55	1
775	6	1
776	12	1
777	59	1
778	35	1
779	79	1
780	9	1
781	13	1
782	66	1
783	9	1
784	64	1
785	62	1
786	35	1
787	20	1
788	43	1
789	48	1
790	8	1
791	83	1
792	12	1
793	19	1
794	20	1
795	62	1
796	12	1
797	52	1
798	12	1
799	20	1
800	50	1
801	55	1
802	21	1
803	55	1
804	3	1
805	6	1
806	48	1
807	18	1
808	11	1
809	79	1
810	30	1
811	13	1
812	6	1
813	84	1
814	92	1
815	49	1
816	2	1
817	52	1
818	58	1
819	29	1
820	25	1
821	26	1
822	0	0
823	13	1
824	86	1
825	13	1
826	92	1
827	65	1
828	24	1
829	2	0
830	40	1
831	61	1
832	89	1
833	79	1
834	11	1
835	12	1
836	45	1
837	46	1
838	20	1
839	20	1
840	20	1
841	26	1
842	27	1
843	43	1
844	0	0
845	24	1
846	93	1
847	23	1
848	33	1
849	56	1
850	26	1
851	36	1
852	25	1
853	18	1
854	23	1
855	11	1
856	31	1
857	9	1
858	9	1
859	62	1
860	27	1
861	62	1
862	84	1
863	6	1
864	41	1
865	16	1
866	6	1
867	74	1
868	62	1
869	36	1
870	45	1
871	8	1
872	62	1
873	62	1
874	31	1
875	58	1
876	36	1
877	24	1
878	46	1
879	13	1
880	79	1
881	19	1
882	3	1
883	10	1
884	57	1
885	0	0
886	0	0
887	40	1
888	62	1
889	20	1
890	43	1
891	30	1
892	9	1
893	60	1
894	62	1
895	65	1
896	21	1
897	56	1
898	13	1
899	18	1
900	8	1
901	76	1
902	79	1
903	29	1
904	79	1
905	0	0
906	25	0
907	27	1
908	0	0
909	51	1
910	84	1
911	0	0
912	7	1
913	6	1
914	40	1
915	12	1
916	92	1
917	16	1
918	26	1
919	18	1
920	0	0
921	62	1
922	34	1
923	69	1
924	3	1
925	29	0
926	3	1
927	55	1
928	25	1
929	9	1
930	4	1
931	55	1
932	79	1
933	8	1
934	57	1
935	6	1
936	48	1
937	18	1
938	60	1
939	14	1
940	20	1
941	84	1
942	54	1
943	73	1
944	25	1
945	45	1
946	43	1
947	6	1
948	38	1
949	46	1
950	13	1
951	57	1
952	21	1
953	84	1
954	11	1
955	15	1
956	29	1
957	15	1
958	0	0
959	0	0
960	48	1
961	26	1
962	41	1
963	24	1
964	8	1
965	18	1
966	84	1
967	25	1
968	45	1
969	0	0
970	0	0
971	26	1
972	48	1
973	56	1
974	6	1
975	18	1
976	52	1
977	20	1
978	9	1
979	62	1
980	22	1
981	12	1
982	48	1
983	84	1
984	18	1
985	0	0
986	75	1
987	74	1
988	62	1
989	48	1
990	76	1
991	0	0
992	41	1
993	3	1
994	9	1
995	8	1
996	25	1
997	46	1
998	3	1
999	0	0
1000	62	1
1001	41	1
1002	18	1
1003	27	1
1004	87	1
1005	32	1
1006	88	1
1007	30	0
1008	33	1
1009	3	1
1010	0	0
1011	12	1
1012	34	1
1013	33	1
1014	20	1
1015	24	1
1016	11	1
1017	10	1
1018	31	1
1019	31	1
1020	56	1
1021	41	1
1022	20	1
1023	33	1
1024	46	1
1025	84	1
1026	17	1
1027	26	1
1028	0	0
1029	62	1
1030	48	1
1031	6	1
1032	24	1
1033	18	1
1034	56	1
1035	40	1
1036	22	1
1037	94	0
1038	2	1
1039	21	1
1040	6	1
1041	21	1
1042	27	1
1043	65	1
1044	55	1
1045	48	1
1046	13	1
1047	3	1
1048	24	1
1049	6	1
1050	16	1
1051	86	1
1052	8	1
1053	26	1
1054	21	1
1055	34	1
1056	40	1
1057	26	1
1058	26	1
1059	26	1
1060	6	1
1061	20	1
1062	48	1
1063	66	1
1064	29	1
1065	16	1
1066	65	1
1067	20	1
1068	17	1
1069	54	1
1070	2	1
1071	41	1
1072	27	1
1073	41	1
1074	11	1
1075	41	1
1076	25	1
1077	0	0
1078	27	1
1079	46	1
1080	3	1
1081	84	1
1082	18	1
1083	82	1
1084	13	1
1085	18	1
1086	45	1
1087	1	1
1088	62	1
1089	15	1
1090	27	1
1091	62	1
1092	0	0
1093	18	1
1094	30	1
1095	19	1
1096	41	1
1097	43	1
1098	1	1
1099	7	1
1100	25	1
1101	84	1
1102	19	1
1103	48	1
1104	78	1
1105	12	1
1106	82	1
1107	11	1
1108	31	1
1109	20	1
1110	11	1
1111	71	1
1112	0	0
1113	11	1
1114	62	1
1115	9	1
1116	26	1
1117	94	1
1118	18	1
1119	52	1
1120	26	1
1121	41	1
1122	12	1
1123	10	1
1124	100	0
1125	20	1
1126	26	1
1127	21	1
1128	13	1
1129	9	1
1130	56	1
1131	26	1
1132	21	1
1133	46	1
1134	13	1
1135	18	1
1136	65	1
1137	3	1
1138	34	1
1139	12	1
1140	14	1
1141	0	0
1142	0	0
1143	19	1
1144	31	1
1145	26	1
1146	10	1
1147	59	1
1148	13	1
1149	6	1
1150	31	1
1151	6	1
1152	20	1
1153	43	1
1154	84	1
1155	20	1
1156	8	1
1157	11	1
1158	38	1
1159	46	1
1160	33	1
1161	8	1
1162	84	1
1163	88	1
1164	11	1
1165	56	1
1166	12	1
1167	53	1
1168	55	1
1169	1	1
1170	81	1
1171	20	1
1172	11	1
1173	46	1
1174	74	1
1175	84	1
1176	28	1
1177	60	1
1178	31	1
1179	88	1
1180	41	1
1181	65	1
1182	33	1
1183	19	1
1184	0	0
1185	6	1
1186	82	1
1187	9	1
1188	40	1
1189	81	1
1190	3	1
1191	46	1
1192	6	1
1193	0	0
1194	6	1
1195	92	1
1196	20	1
1197	13	1
1198	5	1
1199	12	1
1200	36	1
1201	56	1
1202	36	1
1203	19	1
1204	11	1
1205	77	1
1206	8	1
1207	11	1
1208	13	1
1209	11	1
1210	10	1
1211	50	1
1212	15	1
1213	26	1
1214	19	1
1215	16	1
1216	16	1
1217	76	1
1218	13	1
1219	11	1
1220	18	1
1221	20	1
1222	13	1
1223	54	1
1224	46	1
1225	10	1
1226	20	1
1227	73	1
1228	72	1
1229	56	1
1230	31	1
1231	26	1
1232	95	1
1233	30	1
1234	21	1
1235	13	1
1236	63	1
1237	45	1
1238	76	1
1239	0	0
1240	0	0
1241	45	1
1242	0	0
1243	20	1
1244	70	1
1245	36	1
1246	0	0
1247	30	1
1248	84	1
1249	43	1
1250	76	1
1251	60	1
1252	0	0
1253	76	1
1254	79	1
1255	43	1
1256	9	1
1257	32	1
1258	84	1
1259	0	0
1260	13	1
1261	26	1
1262	81	1
1263	10	1
1264	8	1
1265	8	1
1266	61	1
1267	16	1
1268	31	1
1269	26	1
1270	45	1
1271	36	1
1272	36	1
1273	26	1
1274	45	1
1275	13	1
1276	0	0
1277	65	1
1278	11	1
1279	43	1
1280	31	1
1281	75	1
1282	61	1
1283	11	1
1284	84	1
1285	62	1
1286	63	1
1287	27	1
1288	3	1
1289	55	1
1290	30	1
1291	0	0
1292	37	1
1293	6	1
1294	54	1
1295	0	0
1296	13	1
1297	84	1
1298	62	1
1299	43	1
1300	17	0
1301	65	1
1302	11	1
1303	30	1
1304	62	1
1305	31	1
1306	12	1
1307	8	1
1308	36	1
1309	26	1
1310	66	1
1311	12	1
1312	45	1
1313	59	1
1314	41	1
1315	40	1
1316	43	1
1317	57	1
1318	0	0
1319	96	1
1320	43	1
1321	61	1
1322	92	1
1323	84	1
1324	33	1
1325	5	1
1326	59	1
1327	84	1
1328	7	1
1329	77	1
1330	0	0
1331	82	1
1332	6	1
1333	12	1
1334	44	1
1335	16	1
1336	8	1
1337	12	1
1338	6	1
1339	26	1
1340	17	1
1341	20	1
1342	12	1
1343	11	1
1344	48	1
1345	65	1
1346	36	1
1347	12	1
1348	55	1
1349	26	1
1350	25	1
1351	46	1
1352	0	0
1353	82	1
1354	20	1
1355	66	1
1356	52	1
1357	62	1
1358	13	1
1359	24	1
1360	17	1
1361	62	1
1362	43	1
1363	0	0
1364	64	1
1365	26	1
1366	2	1
1367	48	1
1368	3	1
1369	5	1
1370	13	1
1371	55	1
1372	58	1
1373	0	0
1374	11	1
1375	66	1
1376	49	1
1377	43	1
1378	76	1
1379	9	1
1380	89	1
1381	55	1
1382	40	1
1383	13	0
1384	40	1
1385	12	1
1386	13	1
1387	45	1
1388	16	1
1389	14	1
1390	6	1
1391	24	1
1392	0	0
1393	45	1
1394	43	1
1395	81	1
1396	49	1
1397	7	1
1398	41	1
1399	0	0
1400	0	0
1401	25	1
1402	33	1
1403	21	1
1404	9	1
1405	13	1
1406	40	1
1407	5	1
1408	13	1
1409	20	1
1410	13	1
1411	40	1
1412	52	1
1413	45	1
1414	18	1
1415	24	1
1416	3	1
1417	9	1
1418	6	1
1419	36	1
1420	8	1
1421	59	1
1422	41	1
1423	46	1
1424	6	1
1425	29	1
1426	6	1
1427	23	1
1428	12	1
1429	0	0
1430	92	1
1431	11	1
1432	13	1
1433	9	1
1434	12	1
1435	16	1
1436	31	1
1437	0	0
1438	34	1
1439	20	1
1440	11	1
1441	57	1
1442	21	1
1443	9	1
1444	84	1
1445	0	0
1446	12	1
1447	20	1
1448	34	1
1449	48	1
1450	84	1
1451	75	1
1452	20	1
1453	21	1
1454	18	1
1455	0	0
1456	11	1
1457	18	1
1458	45	1
1459	29	1
1460	46	1
1461	76	1
1462	20	1
1463	52	1
1464	62	1
1465	26	1
1466	6	1
1467	26	1
1468	43	1
1469	0	0
1470	0	0
1471	43	1
1472	13	1
1473	79	1
1474	58	1
1475	41	1
1476	59	1
1477	0	0
1478	38	1
1479	64	1
1480	29	1
1481	0	0
1482	89	1
1483	3	1
1484	9	1
1485	56	1
1486	16	1
1487	24	1
1488	97	1
1489	20	1
1490	18	1
1491	46	1
1492	12	1
1493	11	1
1494	20	1
1495	1	1
1496	29	1
1497	0	0
1498	41	1
1499	6	1
1500	6	1
1501	70	1
1502	67	1
1503	21	1
1504	51	1
1505	46	1
1506	11	1
1507	92	1
1508	46	1
1509	51	1
1510	54	1
1511	40	1
1512	20	1
1513	36	1
1514	9	1
1515	3	1
1516	25	1
1517	6	1
1518	26	1
1519	90	1
1520	40	1
1521	46	1
1522	0	0
1523	12	1
1524	54	1
1525	0	0
1526	25	1
1527	20	1
1528	26	1
1529	36	1
1530	46	1
1531	57	1
1532	18	1
1533	48	1
1534	45	1
1535	18	1
1536	25	1
1537	13	1
1538	66	1
1539	26	1
1540	76	1
1541	18	1
1542	26	1
1543	3	1
1544	41	1
1545	26	1
1546	17	1
1547	18	1
1548	43	1
1549	13	1
1550	43	1
1551	41	1
1552	84	1
1553	23	1
1554	48	1
1555	54	1
1556	6	1
1557	25	1
1558	48	1
1559	21	1
1560	68	1
1561	26	1
1562	57	0
1563	92	1
1564	0	0
1565	39	1
1566	2	1
1567	78	1
1568	62	1
1569	52	1
1570	19	1
1571	24	1
1572	20	1
1573	30	1
1574	78	1
1575	0	0
1576	26	1
1577	18	1
1578	10	1
1579	41	1
1580	20	1
1581	89	1
1582	20	1
1583	75	1
1584	84	1
1585	13	1
1586	57	1
1587	40	1
1588	8	1
1589	20	1
1590	11	1
1591	9	1
1592	49	1
1593	64	1
1594	92	1
1595	49	1
1596	18	1
1597	22	1
1598	18	1
1599	20	1
1600	0	0
1601	18	1
1602	11	1
1603	13	1
1604	21	1
1605	6	1
1606	26	1
1607	13	1
1608	0	0
1609	6	1
1610	50	1
1611	41	1
1612	78	1
1613	29	1
1614	52	1
1615	19	1
1616	34	1
1617	52	1
1618	0	0
1619	64	1
1620	3	1
1621	18	1
1622	43	1
1623	6	1
1624	49	1
1625	27	1
1626	21	1
1627	20	1
1628	46	1
1629	10	1
1630	49	1
1631	57	1
1632	46	1
1633	58	1
1634	19	1
1635	41	1
1636	41	1
1637	1	1
1638	21	1
1639	19	1
1640	0	0
1641	52	1
1642	36	1
1643	52	1
1644	33	1
1645	58	1
1646	0	0
1647	36	1
1648	94	0
1649	22	1
1650	12	1
1651	82	1
1652	63	1
1653	57	1
1654	26	1
1655	61	1
1656	36	1
1657	2	1
1658	12	1
1659	25	1
1660	57	1
1661	13	1
1662	12	1
1663	21	1
1664	26	1
1665	19	1
1666	9	1
1667	61	1
1668	29	1
1669	45	1
1670	4	1
1671	18	1
1672	18	1
1673	25	1
1674	0	0
1675	25	1
1676	26	1
1677	28	1
1678	19	1
1679	62	1
1680	12	1
1681	11	0
1682	25	1
1683	20	1
1684	19	1
1685	26	1
1686	2	1
1687	0	0
1688	45	1
1689	43	1
1690	11	1
1691	25	1
1692	65	1
1693	42	1
1694	36	1
1695	13	1
1696	18	1
1697	19	1
1698	31	1
1699	43	1
1700	0	0
1701	12	1
1702	20	1
1703	18	1
1704	36	1
1705	58	1
1706	61	1
1707	12	1
1708	73	1
1709	57	1
1710	52	1
1711	11	1
1712	19	1
1713	2	1
1714	50	1
1715	48	1
1716	52	1
1717	29	1
1718	75	1
1719	6	1
1720	13	1
1721	0	0
1722	36	1
1723	65	1
1724	0	0
1725	19	1
1726	18	1
1727	61	1
1728	41	1
1729	6	1
1730	84	1
1731	20	1
1732	43	1
1733	3	1
1734	0	0
1735	0	0
1736	20	1
1737	13	1
1738	13	1
1739	20	1
1740	84	1
1741	64	1
1742	11	1
1743	84	1
1744	85	1
1745	11	1
1746	25	1
1747	32	1
1748	0	0
1749	67	1
1750	31	1
1751	29	1
1752	25	1
1753	9	1
1754	27	1
1755	66	1
1756	63	1
1757	65	1
1758	31	1
1759	15	1
1760	29	1
1761	9	1
1762	0	0
1763	84	1
1764	36	1
1765	55	1
1766	8	1
1767	6	1
1768	84	1
1769	20	1
1770	63	1
1771	40	1
1772	9	1
1773	5	1
1774	0	0
1775	74	1
1776	20	1
1777	31	1
1778	3	1
1779	44	1
1780	3	1
1781	9	1
1782	45	1
1783	0	0
1784	43	1
1785	84	1
1786	16	1
1787	8	1
1788	76	1
1789	20	1
1790	79	1
1791	62	1
1792	8	1
1793	29	1
1794	84	1
1795	29	1
1796	25	1
1797	48	1
1798	84	1
1799	20	1
1800	55	0
1801	11	1
1802	35	1
1803	59	1
1804	20	1
1805	41	1
1806	16	1
1807	62	1
1808	31	1
1809	84	1
1810	19	1
1811	20	1
1812	41	1
1813	16	1
1814	27	1
1815	6	1
1816	0	0
1817	84	1
1818	23	1
1819	29	1
1820	13	1
1821	57	1
1822	13	1
1823	77	1
1824	22	1
1825	77	1
1826	6	1
1827	84	1
1828	11	1
1829	2	1
1830	18	1
1831	17	1
1832	3	1
1833	81	1
1834	66	1
1835	40	1
1836	57	1
1837	46	1
1838	18	1
1839	65	1
1840	21	1
1841	62	1
1842	95	1
1843	48	1
1844	3	1
1845	9	1
1846	67	1
1847	66	1
1848	40	1
1849	26	1
1850	21	1
1851	6	1
1852	25	1
1853	40	1
1854	84	1
1855	2	1
1856	30	1
1857	11	1
1858	84	1
1859	43	1
1860	1	1
1861	8	1
1862	20	1
1863	40	1
1864	79	1
1865	52	1
1866	40	1
1867	10	1
1868	84	1
1869	29	1
1870	3	1
1871	45	1
1872	26	1
1873	20	1
1874	11	1
1875	18	1
1876	26	1
1877	65	1
1878	26	1
1879	55	1
1880	37	1
1881	26	1
1882	19	1
1883	84	1
1884	20	1
1885	16	1
1886	24	1
1887	3	1
1888	20	1
1889	26	1
1890	25	1
1891	65	1
1892	29	1
1893	26	1
1894	37	1
1895	46	1
1896	25	1
1897	4	1
1898	10	1
1899	11	1
1900	3	1
1901	62	1
1902	3	1
1903	12	1
1904	45	1
1905	0	0
1906	26	1
1907	40	1
1908	56	1
1909	6	1
1910	62	1
1911	41	1
1912	13	1
1913	46	1
1914	85	1
1915	57	1
1916	18	1
1917	20	1
1918	20	1
1919	41	1
1920	84	1
1921	57	1
1922	18	1
1923	11	1
1924	12	1
1925	52	1
1926	48	1
1927	73	1
1928	57	1
1929	16	1
1930	15	1
1931	34	1
1932	9	1
1933	41	1
1934	73	1
1935	48	1
1936	0	0
1937	62	1
1938	6	1
1939	11	1
1940	25	1
1941	26	1
1942	18	1
1943	16	1
1944	41	1
1945	17	1
1946	76	1
1947	84	1
1948	6	1
1949	6	1
1950	18	1
1951	20	1
1952	84	1
1953	24	1
1954	0	0
1955	21	0
1956	41	1
1957	48	1
1958	24	1
1959	13	1
1960	11	1
1961	19	1
1962	45	1
1963	41	1
1964	0	0
1965	85	1
1966	18	1
1967	20	1
1968	29	1
1969	48	1
1970	37	1
1971	29	1
1972	23	1
1973	46	1
1974	46	1
1975	6	1
1976	81	1
1977	75	1
1978	21	1
1979	18	1
1980	25	1
1981	78	1
1982	18	1
1983	9	1
1984	29	1
1985	68	1
1986	91	1
1987	21	0
1988	9	1
1989	18	1
1990	24	1
1991	64	1
1992	26	1
1993	26	1
1994	24	1
1995	48	1
1996	12	1
1997	41	1
1998	24	1
1999	68	1
2000	36	1
2001	20	1
2002	31	1
2003	84	1
2004	40	1
2005	0	0
2006	57	1
2007	21	1
2008	18	1
2009	97	1
2010	25	1
2011	12	1
2012	9	1
2013	46	1
2014	36	1
2015	57	1
2016	12	1
2017	20	1
2018	39	1
2019	91	1
2020	22	1
2021	48	1
2022	62	1
2023	18	1
2024	57	1
2025	21	1
2026	31	1
2027	21	1
2028	21	1
2029	13	1
2030	3	1
2031	2	1
2032	62	1
2033	25	1
2034	45	1
2035	29	1
2036	4	1
2037	25	1
2038	16	1
2039	12	1
2040	68	1
2041	25	1
2042	25	1
2043	24	1
2044	46	1
2045	29	1
2046	3	1
2047	48	1
2048	37	1
2049	33	1
2050	0	0
2051	14	1
2052	84	1
2053	32	1
2054	22	1
2055	4	1
2056	6	1
2057	55	1
2058	11	1
2059	63	1
2060	90	1
2061	56	1
2062	9	1
2063	26	1
2064	26	1
2065	21	1
2066	31	1
2067	56	1
2068	33	1
2069	18	1
2070	53	1
2071	18	1
2072	43	1
2073	34	1
2074	79	1
2075	16	1
2076	30	1
2077	40	1
2078	62	1
2079	31	1
2080	10	1
2081	24	1
2082	9	1
2083	11	1
2084	43	1
2085	56	1
2086	93	1
2087	0	0
2088	48	1
2089	26	1
2090	1	1
2091	0	0
2092	26	1
2093	83	1
2094	66	1
2095	6	1
2096	45	1
2097	31	1
2098	45	1
2099	26	1
2100	8	1
2101	25	1
2102	31	1
2103	40	1
2104	64	1
2105	62	1
2106	65	1
2107	4	1
2108	65	1
2109	37	1
2110	29	1
2111	8	1
2112	62	1
2113	43	1
2114	55	1
2115	0	0
2116	17	1
2117	31	1
2118	75	0
2119	21	1
2120	90	1
2121	37	1
2122	29	1
2123	81	1
2124	66	1
2125	49	1
2126	62	1
2127	17	1
2128	66	1
2129	77	1
2130	6	1
2131	12	1
2132	19	1
2133	64	1
2134	62	1
2135	66	1
2136	56	1
2137	52	1
2138	45	1
2139	66	1
2140	66	1
2141	6	1
2142	0	0
2143	21	1
2144	48	1
2145	43	1
2146	6	1
2147	62	1
2148	12	1
2149	36	1
2150	26	1
2151	18	1
2152	65	1
2153	2	1
2154	34	1
2155	14	1
2156	65	1
2157	46	1
2158	0	0
2159	46	1
2160	84	1
2161	12	1
2162	14	1
2163	36	1
2164	53	1
2165	6	1
2166	62	1
2167	61	1
2168	30	1
2169	43	1
2170	6	1
2171	57	1
2172	10	1
2173	0	0
2174	52	1
2175	0	0
2176	62	1
2177	72	1
2178	16	1
2179	0	0
2180	0	0
2181	52	1
2182	28	1
2183	30	1
2184	71	1
2185	31	1
2186	4	1
2187	52	1
2188	52	1
2189	57	1
2190	29	1
2191	31	1
2192	19	1
2193	23	1
2194	0	0
2195	34	1
2196	4	1
2197	66	1
2198	50	1
2199	57	1
2200	37	1
2201	8	1
2202	36	1
2203	52	1
2204	56	1
2205	77	1
2206	65	1
2207	56	1
2208	24	1
2209	21	1
2210	87	1
2211	16	1
2212	0	0
2213	50	1
2214	37	1
2215	0	0
2216	34	1
2217	50	1
2218	0	0
2219	0	0
2220	11	0
2221	15	1
2222	43	1
2223	65	1
2224	43	1
2225	61	1
2226	65	1
2227	50	1
2228	75	1
2229	13	1
2230	56	1
2231	20	1
2232	6	1
2233	9	1
2234	75	1
2235	66	1
2236	24	1
2237	31	1
2238	50	1
2239	46	1
2240	43	1
2241	22	1
2242	0	0
2243	10	1
2244	0	0
2245	9	1
2246	0	0
2247	46	1
2248	73	1
2249	19	1
2250	18	1
2251	77	1
2252	54	1
2253	0	0
2254	38	1
2255	54	1
2256	0	0
2257	20	1
2258	0	0
2259	6	1
2260	75	1
2261	6	1
2262	57	1
2263	0	0
2264	58	1
2265	50	1
2266	10	1
2267	30	1
2268	49	1
2269	8	1
2270	6	1
2271	57	1
2272	6	1
2273	27	1
2274	43	1
2275	92	1
2276	40	1
2277	10	1
2278	25	1
2279	91	1
2280	55	1
2281	26	1
2282	26	1
2283	33	1
2284	65	1
2285	31	1
2286	20	1
2287	20	1
2288	19	1
2289	3	1
2290	67	1
2291	41	1
2292	1	1
2293	41	1
2294	64	1
2295	30	1
2296	26	1
2297	30	1
2298	0	0
2299	36	1
2300	76	1
2301	58	1
2302	4	1
2303	62	1
2304	52	1
2305	20	1
2306	3	1
2307	0	0
2308	1	1
2309	36	1
2310	4	1
2311	63	1
2312	1	1
2313	6	1
2314	5	1
2315	65	1
2316	21	0
2317	48	1
2318	3	1
2319	19	1
2320	5	1
2321	3	1
2322	8	1
2323	64	1
2324	76	1
2325	26	1
2326	9	0
2327	68	1
2328	68	1
2329	48	1
2330	57	1
2331	68	1
2332	12	1
2333	0	0
2334	9	1
2335	8	1
2336	6	1
2337	26	1
2338	14	1
2339	45	1
2340	58	1
2341	69	1
2342	56	1
2343	6	1
2344	41	1
2345	6	1
2346	61	1
2347	55	1
2348	12	1
2349	7	1
2350	6	1
2351	11	1
2352	0	0
2353	20	1
2354	0	0
2355	66	1
2356	41	1
2357	82	1
2358	66	1
2359	63	1
2360	55	1
2361	16	1
2362	48	1
2363	6	1
2364	61	1
2365	25	1
2366	8	1
2367	0	0
2368	56	1
2369	3	1
2370	64	1
2371	4	1
2372	25	1
2373	12	1
2374	58	1
2375	0	0
2376	52	1
2377	76	1
2378	55	1
2379	25	1
2380	20	1
2381	43	1
2382	55	1
2383	77	1
2384	43	1
2385	23	1
2386	82	1
2387	43	1
2388	3	1
2389	51	1
2390	2	1
2391	29	1
2392	34	1
2393	40	1
2394	3	1
2395	29	1
2396	0	0
2397	50	1
2398	1	1
2399	41	1
2400	43	1
2401	40	1
2402	48	1
2403	63	1
2404	50	1
2405	19	1
2406	58	1
2407	49	1
2408	11	1
2409	0	0
2410	19	1
2411	37	1
2412	0	0
2413	3	1
2414	41	1
2415	8	1
2416	79	1
2417	45	1
2418	6	1
2419	48	1
2420	26	1
2421	26	1
2422	40	1
2423	41	1
2424	62	1
2425	25	1
2426	40	1
2427	6	1
2428	0	0
2429	3	1
2430	25	1
2431	9	1
2432	50	1
2433	3	1
2434	23	1
2435	26	1
2436	20	1
2437	24	1
2438	70	1
2439	0	0
2440	29	1
2441	21	1
2442	18	1
2443	18	1
2444	46	1
2445	25	1
2446	59	1
2447	20	1
2448	0	0
2449	1	1
2450	55	1
2451	41	1
2452	18	1
2453	17	1
2454	40	1
2455	40	1
2456	18	1
2457	46	1
2458	11	1
2459	43	1
2460	34	1
2461	21	1
2462	36	1
2463	7	1
2464	3	1
2465	0	0
2466	76	1
2467	49	1
2468	19	1
2469	41	1
2470	89	1
2471	21	1
2472	46	1
2473	66	1
2474	1	1
2475	11	1
2476	54	1
2477	73	1
2478	26	1
2479	69	1
2480	29	1
2481	18	1
2482	24	1
2483	25	1
2484	0	0
2485	34	1
2486	12	1
2487	29	1
2488	26	1
2489	1	1
2490	19	1
2491	94	0
2492	35	1
2493	20	1
2494	6	1
2495	41	1
2496	54	1
2497	29	1
2498	46	1
2499	18	1
2500	45	1
2501	6	1
2502	40	1
2503	20	1
2504	11	1
2505	16	1
2506	18	1
2507	29	1
2508	16	1
2509	0	0
2510	11	1
2511	6	1
2512	21	1
2513	59	1
2514	57	1
2515	9	1
2516	62	1
2517	30	1
2518	40	1
2519	40	1
2520	76	1
2521	46	1
2522	79	1
2523	22	1
2524	9	1
2525	30	1
2526	20	1
2527	52	1
2528	1	1
2529	18	1
2530	1	1
2531	79	1
2532	18	1
2533	41	1
2534	3	1
2535	4	1
2536	3	1
2537	9	1
2538	62	1
2539	34	1
2540	71	1
2541	18	1
2542	57	1
2543	18	1
2544	25	1
2545	40	1
2546	75	1
2547	18	1
2548	6	1
2549	9	1
2550	18	1
2551	22	1
2552	62	1
2553	72	1
2554	11	1
2555	25	1
2556	4	1
2557	18	1
2558	2	1
2559	60	1
2560	6	1
2561	26	1
2562	20	1
2563	61	1
2564	43	1
2565	0	0
2566	22	1
2567	34	1
2568	20	1
2569	14	1
2570	2	1
2571	77	1
2572	26	1
2573	17	1
2574	57	1
2575	2	1
2576	84	1
2577	0	0
2578	0	0
2579	3	1
2580	63	1
2581	47	1
2582	40	1
2583	82	1
2584	5	1
2585	92	1
2586	0	0
2587	0	0
2588	41	1
2589	25	1
2590	75	1
2591	20	1
2592	2	1
2593	46	1
2594	11	1
2595	51	1
2596	11	1
2597	0	0
2598	43	1
2599	55	1
2600	0	0
2601	8	1
2602	59	1
2603	57	1
2604	6	1
2605	18	1
2606	79	1
2607	47	1
2608	55	1
2609	25	1
2610	21	1
2611	10	1
2612	57	1
2613	6	1
2614	84	1
2615	0	0
2616	36	1
2617	26	1
2618	20	1
2619	1	1
2620	23	1
2621	34	1
2622	33	1
2623	18	1
2624	83	1
2625	40	1
2626	80	1
2627	0	0
2628	17	1
2629	76	1
2630	46	1
2631	40	1
2632	77	1
2633	70	1
2634	10	1
2635	31	1
2636	30	1
2637	63	1
2638	46	1
2639	32	1
2640	63	1
2641	66	1
2642	13	1
2643	68	1
2644	11	1
2645	79	1
2646	41	1
2647	78	1
2648	33	1
2649	57	1
2650	41	1
2651	23	1
2652	41	1
2653	30	1
2654	4	1
2655	90	1
2656	20	1
2657	25	1
2658	4	1
2659	55	1
2660	13	1
2661	29	1
2662	20	1
2663	0	0
2664	13	1
2665	6	1
2666	6	1
2667	25	1
2668	60	1
2669	20	1
2670	13	1
2671	77	1
2672	41	1
2673	31	1
2674	26	1
2675	61	1
2676	0	0
2677	26	1
2678	29	1
2679	26	1
2680	41	1
2681	36	1
2682	83	1
2683	58	1
2684	26	1
2685	49	1
2686	13	1
2687	89	1
2688	37	1
2689	0	0
2690	13	1
2691	1	1
2692	73	1
2693	11	1
2694	22	1
2695	62	1
2696	8	1
2697	13	1
2698	43	1
2699	41	1
2700	41	1
2701	71	1
2702	84	1
2703	20	1
2704	34	1
2705	41	1
2706	25	1
2707	36	1
2708	89	1
2709	19	1
2710	58	1
2711	48	1
2712	65	1
2713	84	1
2714	29	1
2715	87	1
2716	2	1
2717	12	1
2718	16	1
2719	34	0
2720	43	1
2721	73	1
2722	32	1
2723	31	1
2724	45	1
2725	25	1
2726	52	1
2727	12	1
2728	26	1
2729	25	1
2730	11	1
2731	40	1
2732	20	1
2733	30	1
2734	20	1
2735	30	0
2736	41	1
2737	16	1
2738	6	1
2739	12	1
2740	66	1
2741	46	1
2742	20	1
2743	6	1
2744	13	1
2745	65	1
2746	43	1
2747	13	1
2748	46	1
2749	26	1
2750	1	1
2751	57	1
2752	29	1
2753	76	1
2754	29	1
2755	20	1
2756	38	1
2757	12	1
2758	16	1
2759	41	1
2760	43	1
2761	18	1
2762	6	1
2763	45	1
2764	11	1
2765	3	1
2766	75	1
2767	16	1
2768	84	1
2769	9	1
2770	0	0
2771	13	1
2772	0	0
2773	26	1
2774	65	1
2775	41	1
2776	41	1
2777	11	0
2778	9	1
2779	61	1
2780	58	1
2781	43	1
2782	3	1
2783	45	1
2784	43	1
2785	45	1
2786	26	1
2787	0	0
2788	41	1
2789	43	1
2790	3	1
2791	84	1
2792	6	1
2793	9	1
2794	65	1
2795	43	1
2796	20	1
2797	31	1
2798	34	1
2799	29	1
2800	26	1
2801	29	1
2802	12	1
2803	40	1
2804	40	1
2805	3	1
2806	12	1
2807	6	1
2808	0	0
2809	80	1
2810	58	1
2811	13	1
2812	27	1
2813	21	1
2814	3	1
2815	37	1
2816	41	1
2817	11	1
2818	21	1
2819	26	1
2820	0	0
2821	65	1
2822	41	1
2823	41	1
2824	30	1
2825	40	1
2826	54	1
2827	37	1
2828	40	1
2829	45	1
2830	75	1
2831	68	1
2832	37	1
2833	20	1
2834	29	1
2835	77	1
2836	11	1
2837	57	1
2838	31	1
2839	49	1
2840	0	0
2841	98	1
2842	9	1
2843	13	1
2844	9	1
2845	11	1
2846	3	1
2847	45	1
2848	29	1
2849	11	1
2850	48	1
2851	84	0
2852	6	1
2853	20	1
2854	71	1
2855	21	1
2856	26	1
2857	26	1
2858	41	1
2859	37	1
2860	78	1
2861	27	1
2862	0	0
2863	66	1
2864	0	0
2865	4	1
2866	52	1
2867	29	1
2868	13	1
2869	84	1
2870	20	1
2871	61	1
2872	25	1
2873	20	1
2874	9	1
2875	61	1
2876	44	1
2877	0	0
2878	45	1
2879	21	1
2880	55	0
2881	45	1
2882	54	1
2883	41	1
2884	85	1
2885	18	1
2886	65	1
2887	13	1
2888	20	1
2889	0	0
2890	84	1
2891	40	0
2892	12	1
2893	9	1
2894	3	1
2895	41	1
2896	0	0
2897	0	0
2898	29	1
2899	0	0
2900	40	1
2901	41	1
2902	62	1
2903	49	1
2904	0	0
2905	10	1
2906	84	1
2907	40	1
2908	11	1
2909	79	1
2910	0	0
2911	62	1
2912	31	1
2913	46	1
2914	16	1
2915	9	1
2916	20	1
2917	8	1
2918	9	1
2919	21	1
2920	0	0
2921	18	1
2922	41	1
2923	11	1
2924	26	1
2925	9	1
2926	49	1
2927	44	1
2928	24	1
2929	9	1
2930	9	1
2931	6	1
2932	3	1
2933	31	1
2934	11	1
2935	55	1
2936	3	1
2937	56	1
2938	21	1
2939	18	1
2940	26	1
2941	60	1
2942	34	1
2943	13	1
2944	24	1
2945	41	1
2946	83	1
2947	3	1
2948	12	1
2949	84	1
2950	26	1
2951	55	1
2952	62	1
2953	0	0
2954	40	1
2955	13	1
2956	11	1
2957	8	1
2958	11	1
2959	12	1
2960	30	1
2961	18	1
2962	18	1
2963	59	1
2964	25	1
2965	48	1
2966	26	1
2967	40	1
2968	45	1
2969	40	1
2970	55	1
2971	20	1
2972	52	1
2973	40	1
2974	29	1
2975	24	1
2976	16	1
2977	25	1
2978	58	1
2979	8	1
2980	73	1
2981	12	1
2982	54	1
2983	46	1
2984	11	1
2985	26	1
2986	50	1
2987	18	1
2988	48	1
2989	55	1
2990	45	1
2991	12	1
2992	26	1
2993	18	1
2994	41	1
2995	26	1
2996	41	1
2997	34	1
2998	29	1
2999	18	1
3000	45	1
3001	18	1
3002	25	1
3003	13	1
3004	41	1
3005	13	1
3006	9	1
3007	45	1
3008	40	1
3009	55	1
3010	46	1
3011	3	1
3012	3	1
3013	29	1
3014	45	1
3015	18	1
3016	56	1
3017	21	1
3018	98	1
3019	13	1
3020	45	1
3021	45	1
3022	11	1
3023	6	1
3024	13	1
3025	20	1
3026	40	1
3027	13	1
3028	45	1
3029	14	1
3030	45	1
3031	6	1
3032	43	1
3033	62	1
3034	26	1
3035	4	1
3036	33	1
3037	40	1
3038	26	1
3039	29	1
3040	89	1
3041	81	1
3042	18	1
3043	18	1
3044	21	1
3045	18	1
3046	18	1
3047	11	1
3048	62	1
3049	23	1
3050	26	1
3051	11	1
3052	50	1
3053	9	1
3054	18	1
3055	41	1
3056	2	1
3057	12	1
3058	8	1
3059	48	1
3060	18	1
3061	62	1
3062	32	1
3063	48	1
3064	3	1
3065	26	1
3066	84	1
3067	0	0
3068	87	1
3069	6	1
3070	32	1
3071	29	1
3072	21	1
3073	11	1
3074	20	1
3075	62	1
3076	21	1
3077	56	1
3078	26	1
3079	46	1
3080	26	1
3081	25	1
3082	2	1
3083	33	1
3084	65	1
3085	3	1
3086	32	1
3087	41	1
3088	92	1
3089	43	1
3090	4	1
3091	1	1
3092	20	1
3093	29	1
3094	56	1
3095	22	1
3096	65	1
3097	1	1
3098	21	1
3099	4	1
3100	65	1
3101	31	1
3102	20	1
3103	41	1
3104	43	1
3105	6	1
3106	16	1
3107	13	1
3108	21	1
3109	62	1
3110	54	1
3111	8	1
3112	66	1
3113	10	1
3114	45	1
3115	56	1
3116	20	1
3117	20	1
3118	11	1
3119	55	1
3120	86	1
3121	26	1
3122	45	1
3123	64	1
3124	16	1
3125	66	1
3126	84	1
3127	78	1
3128	18	1
3129	24	1
3130	67	1
3131	20	1
3132	34	1
3133	29	1
3134	33	1
3135	56	1
3136	84	1
3137	25	1
3138	5	1
3139	20	1
3140	95	1
3141	45	1
3142	26	1
3143	41	1
3144	25	1
3145	45	1
3146	6	1
3147	26	1
3148	86	1
3149	84	1
3150	11	1
3151	56	1
3152	9	1
3153	13	1
3154	79	1
3155	56	1
3156	19	1
3157	45	1
3158	30	1
3159	72	1
3160	10	1
3161	62	1
3162	41	1
3163	84	1
3164	56	1
3165	82	1
3166	48	1
3167	33	1
3168	32	1
3169	3	1
3170	60	1
3171	12	1
3172	0	0
3173	13	1
3174	21	1
3175	32	1
3176	66	1
3177	45	1
3178	21	1
3179	57	1
3180	65	1
3181	26	1
3182	65	1
3183	56	1
3184	31	1
3185	52	1
3186	12	1
3187	22	1
3188	19	1
3189	41	1
3190	33	1
3191	50	1
3192	12	1
3193	3	1
3194	20	1
3195	13	1
3196	3	1
3197	20	1
3198	12	1
3199	19	1
3200	57	1
3201	15	1
3202	70	1
3203	2	1
3204	11	1
3205	13	1
3206	26	1
3207	38	1
3208	40	1
3209	84	1
3210	28	1
3211	12	1
3212	12	1
3213	31	1
3214	19	1
3215	41	1
3216	45	1
3217	62	1
3218	32	1
3219	45	1
3220	84	1
3221	36	1
3222	62	1
3223	58	1
3224	19	1
3225	21	1
3226	65	1
3227	84	1
3228	58	1
3229	10	1
3230	57	1
3231	11	0
3232	20	1
3233	23	1
3234	55	1
3235	84	1
3236	20	1
3237	56	1
3238	21	1
3239	13	1
3240	0	0
3241	72	1
3242	43	1
3243	43	1
3244	70	1
3245	14	1
3246	2	1
3247	45	1
3248	36	1
3249	54	1
3250	59	1
3251	45	1
3252	45	1
3253	13	1
3254	6	1
3255	45	1
3256	38	1
3257	12	1
3258	26	1
3259	0	0
3260	0	0
3261	62	1
3262	97	1
3263	26	1
3264	58	1
3265	21	1
3266	6	1
3267	84	1
3268	18	1
3269	41	1
3270	57	1
3271	59	1
3272	46	1
3273	0	0
3274	20	1
3275	48	1
3276	13	1
3277	0	0
3278	76	1
3279	24	1
3280	21	1
3281	75	1
3282	0	0
3283	21	1
3284	16	1
3285	41	1
3286	12	1
3287	0	0
3288	43	1
3289	56	1
3290	89	1
3291	67	1
3292	11	1
3293	24	1
3294	6	1
3295	9	1
3296	48	1
3297	6	1
3298	37	1
3299	61	1
3300	58	1
3301	41	1
3302	31	1
3303	45	1
3304	63	1
3305	68	1
3306	6	1
3307	41	1
3308	20	1
3309	13	1
3310	34	1
3311	3	0
3312	11	1
3313	11	1
3314	15	1
3315	81	1
3316	3	1
3317	11	1
3318	4	1
3319	20	1
3320	45	1
3321	12	1
3322	84	1
3323	21	1
3324	84	1
3325	0	0
3326	45	1
3327	26	1
3328	46	1
3329	65	1
3330	26	1
3331	61	1
3332	11	1
3333	32	1
3334	89	1
3335	0	0
3336	3	1
3337	3	1
3338	13	1
3339	57	0
3340	6	1
3341	20	1
3342	19	1
3343	3	1
3344	48	1
3345	0	0
3346	17	1
3347	45	1
3348	36	1
3349	26	1
3350	46	1
3351	13	1
3352	31	1
3353	20	1
3354	52	1
3355	13	1
3356	13	1
3357	8	1
3358	50	1
3359	3	1
3360	56	1
3361	41	1
3362	79	1
3363	0	0
3364	21	1
3365	12	1
3366	12	1
3367	57	1
3368	45	1
3369	17	1
3370	52	1
3371	89	1
3372	26	1
3373	13	1
3374	11	1
3375	78	1
3376	12	1
3377	26	1
3378	11	1
3379	8	1
3380	75	1
3381	42	1
3382	78	1
3383	72	1
3384	57	1
3385	79	1
3386	27	1
3387	13	1
3388	72	1
3389	33	1
3390	20	1
3391	11	1
3392	41	1
3393	45	1
3394	25	1
3395	93	1
3396	48	1
3397	0	0
3398	90	1
3399	26	1
3400	70	1
3401	72	1
3402	84	1
3403	19	1
3404	8	1
3405	12	1
3406	12	1
3407	11	1
3408	45	1
3409	55	1
3410	15	1
3411	6	1
3412	85	1
3413	31	1
3414	25	1
3415	40	1
3416	24	1
3417	32	1
3418	10	1
3419	13	1
3420	12	1
3421	85	1
3422	30	1
3423	0	0
3424	2	1
3425	55	1
3426	25	1
3427	84	1
3428	3	1
3429	40	1
3430	20	1
3431	12	1
3432	26	1
3433	45	1
3434	57	1
3435	0	0
3436	10	1
3437	16	1
3438	56	1
3439	73	1
3440	29	1
3441	25	1
3442	25	1
3443	62	1
3444	11	1
3445	63	1
3446	45	1
3447	16	1
3448	84	1
3449	60	1
3450	0	0
3451	20	1
3452	84	1
3453	6	1
3454	39	1
3455	13	1
3456	13	1
3457	11	1
3458	9	1
3459	0	0
3460	11	1
3461	20	1
3462	84	1
3463	20	1
3464	12	1
3465	24	1
3466	65	1
3467	3	1
3468	18	1
3469	25	1
3470	34	1
3471	84	1
3472	41	1
3473	25	1
3474	89	1
3475	0	0
3476	50	1
3477	9	1
3478	45	1
3479	36	1
3480	45	1
3481	25	1
3482	76	1
3483	18	1
3484	61	1
3485	56	1
3486	16	1
3487	20	1
3488	12	1
3489	14	1
3490	47	1
3491	40	1
3492	70	1
3493	61	1
3494	81	1
3495	31	1
3496	26	1
3497	45	1
3498	18	1
3499	9	1
3500	3	1
3501	24	1
3502	13	1
3503	6	1
3504	45	1
3505	21	1
3506	18	1
3507	26	1
3508	46	1
3509	79	1
3510	23	1
3511	6	1
3512	0	0
3513	45	1
3514	26	1
3515	8	1
3516	81	1
3517	55	1
3518	26	1
3519	18	1
3520	33	1
3521	21	1
3522	13	1
3523	6	1
3524	29	1
3525	6	1
3526	11	1
3527	26	1
3528	18	1
3529	8	1
3530	12	1
3531	29	1
3532	0	0
3533	24	1
3534	43	1
3535	19	1
3536	41	1
3537	11	1
3538	20	1
3539	41	1
3540	84	1
3541	40	1
3542	2	1
3543	88	1
3544	9	1
3545	29	1
3546	14	1
3547	62	1
3548	34	1
3549	29	1
3550	26	1
3551	9	1
3552	30	1
3553	12	1
3554	20	1
3555	20	1
3556	62	1
3557	25	1
3558	26	1
3559	88	1
3560	13	1
3561	46	1
3562	62	1
3563	18	1
3564	51	1
3565	46	1
3566	89	1
3567	0	0
3568	18	1
3569	46	1
3570	30	1
3571	29	1
3572	55	1
3573	45	1
3574	18	1
3575	32	1
3576	82	1
3577	40	1
3578	22	1
3579	61	1
3580	12	1
3581	79	1
3582	10	1
3583	26	1
3584	79	1
3585	18	1
3586	6	1
3587	59	1
3588	40	1
3589	20	1
3590	28	1
3591	41	1
3592	11	1
3593	25	1
3594	3	1
3595	31	1
3596	6	1
3597	34	1
3598	48	1
3599	24	1
3600	11	1
3601	18	1
3602	48	1
3603	46	1
3604	31	1
3605	77	1
3606	21	1
3607	93	1
3608	22	1
3609	20	1
3610	46	1
3611	41	1
3612	48	1
3613	57	1
3614	13	1
3615	0	0
3616	72	1
3617	84	1
3618	84	1
3619	29	1
3620	9	1
3621	21	1
3622	40	1
3623	6	1
3624	56	1
3625	66	1
3626	12	1
3627	92	1
3628	6	1
3629	0	0
3630	22	1
3631	0	0
3632	41	1
3633	46	1
3634	5	1
3635	0	0
3636	62	1
3637	29	1
3638	0	0
3639	15	1
3640	41	1
3641	11	0
3642	59	1
3643	41	1
3644	62	1
3645	45	1
3646	63	1
3647	11	1
3648	0	0
3649	62	1
3650	11	1
3651	22	1
3652	11	1
3653	32	1
3654	11	1
3655	57	1
3656	20	1
3657	11	1
3658	19	1
3659	43	1
3660	45	1
3661	41	1
3662	20	1
3663	2	1
3664	12	1
3665	82	1
3666	19	1
3667	84	1
3668	48	1
3669	79	1
3670	45	1
3671	14	1
3672	31	1
3673	20	1
3674	54	1
3675	44	1
3676	66	1
3677	26	1
3678	6	1
3679	46	1
3680	41	1
3681	55	1
3682	84	1
3683	3	1
3684	18	1
3685	39	1
3686	20	1
3687	1	1
3688	52	1
3689	52	1
3690	75	1
3691	66	1
3692	48	1
3693	0	0
3694	62	1
3695	55	1
3696	36	1
3697	6	1
3698	31	1
3699	82	1
3700	23	1
3701	73	1
3702	48	1
3703	0	0
3704	26	1
3705	13	1
3706	90	1
3707	3	1
3708	26	1
3709	26	1
3710	13	1
3711	84	1
3712	11	1
3713	52	1
3714	99	1
3715	99	1
3716	12	1
3717	26	1
3718	36	1
3719	45	1
3720	73	1
3721	13	1
3722	48	1
3723	6	1
3724	45	1
3725	62	1
3726	48	1
3727	19	1
3728	89	1
3729	84	1
3730	62	1
3731	60	1
3732	65	1
3733	13	1
3734	12	1
3735	43	1
3736	18	1
3737	0	0
3738	33	0
3739	12	1
3740	50	1
3741	20	1
3742	12	1
3743	21	1
3744	8	1
3745	8	1
3746	57	1
3747	52	1
3748	37	1
3749	84	1
3750	6	1
3751	57	1
3752	26	1
3753	21	1
3754	62	1
3755	29	1
3756	84	1
3757	45	1
3758	84	1
3759	52	1
3760	20	1
3761	45	1
3762	45	1
3763	36	1
3764	20	1
3765	10	1
3766	41	1
3767	50	1
3768	6	1
3769	20	1
3770	13	1
3771	13	1
3772	41	1
3773	1	1
3774	84	1
3775	29	1
3776	12	1
3777	3	1
3778	19	1
3779	65	1
3780	1	1
3781	1	1
3782	64	1
3783	0	0
3784	41	1
3785	0	0
3786	57	1
3787	84	1
3788	11	1
3789	64	1
3790	41	1
3791	62	1
3792	34	1
3793	20	1
3794	30	1
3795	16	1
3796	2	1
3797	82	1
3798	55	1
3799	9	1
3800	33	1
3801	43	1
3802	25	1
3803	26	1
3804	74	1
3805	51	1
3806	25	1
3807	77	1
3808	6	1
3809	68	1
3810	9	1
3811	20	1
3812	30	1
3813	6	1
3814	54	1
3815	36	1
3816	10	1
3817	25	1
3818	30	1
3819	18	1
3820	79	1
3821	21	1
3822	76	1
3823	41	1
3824	43	0
3825	11	1
3826	25	1
3827	12	1
3828	41	1
3829	84	1
3830	58	1
3831	87	1
3832	18	1
3833	0	0
3834	18	1
3835	9	1
3836	43	1
3837	62	1
3838	79	1
3839	25	1
3840	25	1
3841	9	1
3842	31	1
3843	25	1
3844	41	1
3845	16	1
3846	16	1
3847	17	1
3848	41	1
3849	45	1
3850	29	1
3851	32	1
3852	21	1
3853	54	1
3854	12	1
3855	36	1
3856	12	1
3857	65	1
3858	10	1
3859	55	1
3860	20	1
3861	62	1
3862	41	1
3863	56	1
3864	26	1
3865	11	1
3866	62	1
3867	48	1
3868	11	1
3869	6	1
3870	11	1
3871	89	1
3872	11	1
3873	25	1
3874	11	1
3875	64	1
3876	29	1
3877	9	1
3878	9	1
3879	10	1
3880	20	1
3881	11	1
3882	62	1
3883	62	1
3884	18	1
3885	13	1
3886	0	0
3887	99	1
3888	37	1
3889	11	1
3890	65	1
3891	45	1
3892	45	1
3893	19	1
3894	72	1
3895	62	1
3896	20	1
3897	6	1
3898	9	1
3899	45	1
3900	96	1
3901	25	1
3902	18	1
3903	52	1
3904	21	1
3905	45	1
3906	18	1
3907	12	1
3908	20	1
3909	20	1
3910	84	1
3911	29	1
3912	62	1
3913	0	0
3914	45	1
3915	28	1
3916	75	1
3917	18	1
3918	21	1
3919	21	1
3920	13	0
3921	43	1
3922	13	1
3923	26	0
3924	49	1
3925	9	1
3926	20	1
3927	25	1
3928	18	1
3929	26	1
3930	30	1
3931	18	1
3932	40	1
3933	23	1
3934	25	1
3935	82	1
3936	25	1
3937	20	1
3938	36	1
3939	21	1
3940	56	1
3941	45	1
3942	18	1
3943	18	1
3944	17	1
3945	3	1
3946	40	1
3947	18	1
3948	0	0
3949	58	1
3950	37	1
3951	9	1
3952	21	1
3953	20	1
3954	25	1
3955	18	1
3956	58	1
3957	9	1
3958	0	0
3959	26	1
3960	0	0
3961	14	1
3962	26	1
3963	12	1
3964	75	1
3965	9	1
3966	12	1
3967	45	1
3968	41	1
3969	0	0
3970	60	1
3971	43	1
3972	13	1
3973	26	1
3974	56	1
3975	5	1
3976	40	1
3977	21	1
3978	3	1
3979	79	1
3980	0	0
3981	25	1
3982	18	1
3983	12	1
3984	25	1
3985	6	1
3986	48	1
3987	25	1
3988	62	1
3989	72	1
3990	3	1
3991	35	1
3992	8	1
3993	62	1
3994	0	0
3995	16	1
3996	24	1
3997	6	1
3998	84	1
3999	21	1
4000	26	1
4001	29	1
4002	62	1
4003	18	1
4004	11	1
4005	0	0
4006	20	1
4007	26	1
4008	66	1
4009	32	1
4010	46	1
4011	33	1
4012	84	1
4013	54	1
4014	9	1
4015	41	1
4016	48	1
4017	30	1
4018	41	1
4019	62	1
4020	20	1
4021	62	1
4022	29	1
4023	11	1
4024	11	1
4025	18	1
4026	45	1
4027	13	1
4028	62	1
4029	20	1
4030	40	1
4031	0	0
4032	41	1
4033	63	1
4034	26	1
4035	25	1
4036	6	1
4037	45	1
4038	46	1
4039	18	1
4040	48	1
4041	18	1
4042	84	1
4043	18	1
4044	9	1
4045	13	1
4046	20	1
4047	29	1
4048	18	1
4049	45	1
4050	0	0
4051	12	1
4052	29	1
4053	11	1
4054	45	1
4055	79	1
4056	89	1
4057	20	1
4058	43	1
4059	76	1
4060	18	1
4061	84	1
4062	84	1
4063	21	1
4064	13	1
4065	35	1
4066	0	0
4067	62	1
4068	3	1
4069	12	1
4070	18	1
4071	62	1
4072	3	1
4073	21	1
4074	18	1
4075	40	1
4076	6	1
4077	63	1
4078	0	0
4079	13	1
4080	61	1
4081	14	1
4082	5	1
4083	12	1
4084	62	1
4085	12	1
4086	6	1
4087	21	1
4088	20	1
4089	29	1
4090	63	1
4091	74	1
4092	50	1
4093	46	1
4094	65	1
4095	52	1
4096	18	1
4097	62	1
4098	26	1
4099	34	1
4100	13	1
4101	62	1
4102	18	1
4103	62	1
4104	18	1
4105	64	1
4106	48	1
4107	6	1
4108	61	1
4109	65	1
4110	15	1
4111	55	1
4112	62	1
4113	3	1
4114	76	1
4115	3	1
4116	31	1
4117	6	1
4118	40	1
4119	11	1
4120	31	1
4121	18	1
4122	21	1
4123	9	1
4124	65	1
4125	79	1
4126	55	1
4127	85	1
4128	26	1
4129	26	1
4130	63	1
4131	24	1
4132	9	1
4133	12	1
4134	76	1
4135	31	1
4136	9	1
4137	9	1
4138	45	1
4139	31	1
4140	66	1
4141	65	1
4142	40	1
4143	37	1
4144	43	1
4145	0	0
4146	46	1
4147	26	1
4148	31	1
4149	16	1
4150	29	1
4151	62	1
4152	2	1
4153	84	0
4154	15	1
4155	37	1
4156	47	1
4157	56	1
4158	40	1
4159	29	1
4160	56	1
4161	26	1
4162	15	1
4163	85	1
4164	48	1
4165	77	1
4166	31	1
4167	25	1
4168	46	1
4169	17	1
4170	24	1
4171	25	1
4172	53	1
4173	6	1
4174	48	1
4175	66	1
4176	56	1
4177	31	1
4178	63	1
4179	66	1
4180	0	0
4181	63	1
4182	18	1
4183	55	1
4184	28	1
4185	2	1
4186	26	1
4187	11	1
4188	22	1
4189	43	1
4190	84	1
4191	62	1
4192	45	1
4193	56	1
4194	26	1
4195	26	1
4196	82	1
4197	10	1
4198	9	1
4199	26	1
4200	21	1
4201	36	1
4202	0	0
4203	0	0
4204	53	1
4205	62	1
4206	18	1
4207	65	1
4208	0	0
4209	48	1
4210	50	1
4211	63	1
4212	18	1
4213	79	1
4214	34	1
4215	22	1
4216	0	0
4217	64	1
4218	50	1
4219	56	1
4220	6	1
4221	87	1
4222	26	1
4223	33	1
4224	56	1
4225	36	1
4226	48	1
4227	60	1
4228	14	1
4229	46	1
4230	6	1
4231	78	1
4232	43	1
4233	26	1
4234	6	1
4235	77	1
4236	0	0
4237	26	1
4238	31	1
4239	0	0
4240	6	1
4241	21	1
4242	20	1
4243	56	1
4244	71	1
4245	61	1
4246	6	1
4247	89	1
4248	88	1
4249	0	0
4250	41	1
4251	40	1
4252	48	1
4253	3	1
4254	89	1
4255	70	1
4256	27	0
4257	52	1
4258	62	1
4259	0	0
4260	57	1
4261	3	1
4262	30	1
4263	65	1
4264	26	1
4265	72	1
4266	39	1
4267	10	1
4268	18	1
4269	20	1
4270	44	1
4271	45	1
4272	57	1
4273	33	1
4274	0	0
4275	13	1
4276	34	1
4277	26	1
4278	19	1
4279	52	1
4280	20	1
4281	62	1
4282	0	0
4283	12	1
4284	56	1
4285	19	1
4286	65	1
4287	26	1
4288	64	1
4289	57	1
4290	19	1
4291	65	1
4292	43	1
4293	30	1
4294	8	1
4295	24	1
4296	8	1
4297	83	1
4298	6	1
4299	14	1
4300	74	1
4301	34	1
4302	40	1
4303	7	1
4304	84	1
4305	89	1
4306	43	1
4307	29	1
4308	57	1
4309	65	1
4310	76	1
4311	57	1
4312	0	0
4313	65	1
4314	10	1
4315	36	1
4316	4	1
4317	66	1
4318	0	0
4319	46	1
4320	10	1
4321	41	1
4322	18	1
4323	41	1
4324	58	1
4325	20	1
4326	41	1
4327	18	1
4328	75	1
4329	0	0
4330	48	1
4331	26	1
4332	23	1
4333	49	1
4334	41	1
4335	6	1
4336	6	1
4337	53	1
4338	36	1
4339	4	1
4340	4	1
4341	48	1
4342	6	1
4343	86	1
4344	8	1
4345	6	1
4346	22	1
4347	79	1
4348	21	1
4349	54	1
4350	3	1
4351	59	1
4352	0	0
4353	41	1
4354	34	1
4355	3	1
4356	3	1
4357	56	1
4358	31	1
4359	43	1
4360	74	1
4361	41	1
4362	3	1
4363	9	1
4364	56	1
4365	79	1
4366	27	1
4367	3	1
4368	3	1
4369	41	1
4370	92	1
4371	45	1
4372	29	1
4373	26	1
4374	55	1
4375	73	1
4376	30	1
4377	1	1
4378	8	1
4379	20	1
4380	65	1
4381	13	1
4382	74	1
4383	65	1
4384	4	1
4385	10	1
4386	20	1
4387	6	1
4388	52	1
4389	57	1
4390	43	1
4391	36	1
4392	87	1
4393	0	0
4394	2	1
4395	13	1
4396	43	1
4397	37	1
4398	43	1
4399	13	1
4400	8	1
4401	18	1
4402	55	1
4403	19	1
4404	6	1
4405	79	1
4406	26	1
4407	56	1
4408	56	1
4409	25	1
4410	57	1
4411	55	1
4412	3	1
4413	3	1
4414	13	1
4415	26	0
4416	25	1
4417	0	0
4418	6	1
4419	48	1
4420	54	1
4421	55	1
4422	56	0
4423	6	1
4424	12	1
4425	11	1
4426	61	1
4427	81	1
4428	65	1
4429	82	1
4430	41	1
4431	41	1
4432	47	1
4433	81	1
4434	29	1
4435	10	1
4436	51	1
4437	6	1
4438	3	1
4439	11	1
4440	11	1
4441	55	1
4442	56	1
4443	3	1
4444	36	1
4445	34	1
4446	0	0
4447	3	1
4448	20	1
4449	60	1
4450	41	1
4451	45	1
4452	65	1
4453	19	1
4454	0	0
4455	41	1
4456	11	1
4457	34	1
4458	20	1
4459	28	1
4460	61	1
4461	29	1
4462	8	1
4463	29	1
4464	65	1
4465	40	1
4466	83	1
4467	68	1
4468	0	0
4469	5	1
4470	0	0
4471	18	1
4472	10	1
4473	23	1
4474	19	1
4475	80	1
4476	25	1
4477	19	1
4478	0	0
4479	65	1
4480	6	1
4481	13	1
4482	25	1
4483	20	1
4484	46	1
4485	11	1
4486	89	1
4487	79	1
4488	9	1
4489	45	1
4490	21	1
4491	9	1
4492	6	1
4493	41	1
4494	6	1
4495	21	1
4496	7	1
4497	25	1
4498	25	1
4499	9	1
4500	57	1
4501	56	1
4502	20	1
4503	48	1
4504	20	1
4505	21	1
4506	2	0
4507	94	0
4508	17	1
4509	47	1
4510	100	0
4511	21	1
4512	20	1
4513	16	1
4514	11	1
4515	79	1
4516	31	1
4517	46	1
4518	20	1
4519	18	1
4520	11	1
4521	67	1
4522	15	1
4523	40	1
4524	25	1
4525	23	1
4526	6	1
4527	18	1
4528	50	1
4529	15	1
4530	95	1
4531	41	1
4532	25	1
4533	6	1
4534	41	1
4535	14	1
4536	49	1
4537	88	1
4538	29	1
4539	29	1
4540	20	1
4541	20	1
4542	19	1
4543	26	1
4544	21	1
4545	15	1
4546	79	1
4547	68	1
4548	0	0
4549	6	1
4550	73	1
4551	13	1
4552	18	1
4553	56	1
4554	62	1
4555	27	1
4556	40	1
4557	18	1
4558	62	1
4559	20	1
4560	84	1
4561	26	1
4562	18	1
4563	3	1
4564	26	1
4565	11	1
4566	62	1
4567	22	1
4568	21	1
4569	6	1
4570	55	1
4571	84	1
4572	3	1
4573	9	1
4574	29	1
4575	36	1
4576	65	1
4577	21	1
4578	80	1
4579	18	1
4580	10	1
4581	43	0
4582	84	1
4583	29	1
4584	18	1
4585	26	1
4586	90	1
4587	40	1
4588	84	1
4589	6	1
4590	33	1
4591	21	1
4592	59	1
4593	63	1
4594	8	1
4595	41	1
4596	10	1
4597	3	1
4598	84	1
4599	6	1
4600	18	1
4601	0	0
4602	6	1
4603	41	1
4604	84	0
4605	18	1
4606	41	1
4607	6	1
4608	21	1
4609	90	1
4610	25	1
4611	20	1
4612	8	1
4613	62	1
4614	41	1
4615	36	1
4616	20	1
4617	27	1
4618	22	1
4619	25	1
4620	20	1
4621	47	1
4622	6	1
4623	29	1
4624	41	1
4625	33	1
4626	12	1
4627	49	1
4628	34	1
4629	75	1
4630	57	1
4631	43	1
4632	22	1
4633	18	1
4634	21	1
4635	48	1
4636	18	1
4637	68	1
4638	64	1
4639	8	1
4640	24	1
4641	27	1
4642	29	1
4643	6	1
4644	15	1
4645	29	1
4646	11	1
4647	65	1
4648	3	1
4649	29	1
4650	18	1
4651	61	1
4652	21	1
4653	9	1
4654	11	1
4655	11	1
4656	1	1
4657	64	1
4658	74	1
4659	84	1
4660	61	1
4661	11	1
4662	42	1
4663	49	1
4664	21	1
4665	4	1
4666	1	1
4667	54	1
4668	85	1
4669	20	1
4670	10	1
4671	11	1
4672	21	1
4673	20	1
4674	9	1
4675	40	1
4676	61	1
4677	55	1
4678	21	1
4679	25	1
4680	84	1
4681	17	1
4682	18	1
4683	20	1
4684	27	1
4685	32	1
4686	22	1
4687	56	1
4688	18	1
4689	82	1
4690	9	1
4691	34	1
4692	1	1
4693	55	1
4694	26	1
4695	0	0
4696	84	1
4697	23	1
4698	84	1
4699	14	1
4700	0	0
4701	82	1
4702	79	1
4703	89	1
4704	46	1
4705	6	1
4706	41	1
4707	82	1
4708	30	1
4709	2	1
4710	36	1
4711	58	1
4712	13	1
4713	79	1
4714	20	1
4715	66	1
4716	97	1
4717	36	1
4718	41	1
4719	20	1
4720	17	1
4721	33	1
4722	0	0
4723	66	1
4724	66	1
4725	58	1
4726	13	1
4727	40	1
4728	25	1
4729	29	1
4730	77	1
4731	50	1
4732	0	0
4733	3	1
4734	84	1
4735	21	1
4736	26	1
4737	65	1
4738	84	1
4739	41	1
4740	89	1
4741	22	1
4742	3	1
4743	62	1
4744	25	1
4745	0	0
4746	52	1
4747	3	1
4748	36	1
4749	65	1
4750	52	1
4751	6	1
4752	41	1
4753	19	1
4754	58	1
4755	43	1
4756	3	1
4757	74	1
4758	17	1
4759	3	1
4760	84	1
4761	16	1
4762	31	1
4763	11	1
4764	48	1
4765	77	1
4766	41	1
4767	10	1
4768	17	1
4769	29	1
4770	43	1
4771	52	1
4772	13	1
4773	54	1
4774	12	1
4775	48	1
4776	20	1
4777	6	1
4778	6	1
4779	20	1
4780	67	1
4781	82	1
4782	45	1
4783	21	1
4784	50	1
4785	11	1
4786	46	1
4787	30	1
4788	21	1
4789	20	1
4790	84	1
4791	41	1
4792	3	1
4793	20	1
4794	40	1
4795	14	1
4796	30	1
4797	3	1
4798	45	1
4799	20	1
4800	84	1
4801	12	1
4802	0	0
4803	61	1
4804	16	1
4805	60	1
4806	11	1
4807	6	1
4808	20	1
4809	1	1
4810	25	1
4811	84	1
4812	78	1
4813	84	1
4814	72	1
4815	41	1
4816	31	1
4817	21	1
4818	13	1
4819	45	1
4820	0	0
4821	45	1
4822	20	1
4823	26	1
4824	36	1
4825	20	1
4826	29	1
4827	51	1
4828	34	1
4829	67	1
4830	43	1
4831	31	1
4832	26	1
4833	41	1
4834	9	1
4835	89	1
4836	45	1
4837	45	1
4838	58	1
4839	40	1
4840	45	1
4841	9	1
4842	29	1
4843	0	0
4844	26	1
4845	12	1
4846	0	0
4847	45	1
4848	65	1
4849	36	1
4850	6	1
4851	79	1
4852	40	1
4853	84	1
4854	22	1
4855	29	1
4856	16	1
4857	29	1
4858	73	1
4859	68	1
4860	18	1
4861	46	1
4862	64	1
4863	27	0
4864	12	1
4865	6	1
4866	20	1
4867	64	1
4868	9	1
4869	11	1
4870	12	1
4871	21	1
4872	25	1
4873	52	1
4874	3	1
4875	6	1
4876	22	1
4877	0	0
4878	12	1
4879	84	1
4880	35	1
4881	45	1
4882	29	1
4883	62	1
4884	79	1
4885	16	1
4886	45	1
4887	9	1
4888	9	1
4889	84	1
4890	21	1
4891	57	1
4892	20	1
4893	52	1
4894	1	1
4895	21	1
4896	45	1
4897	3	1
4898	29	1
4899	3	1
4900	9	1
4901	37	1
4902	45	1
4903	68	1
4904	21	1
4905	19	1
4906	12	1
4907	72	1
4908	12	1
4909	65	1
4910	26	1
4911	0	0
4912	15	1
4913	26	1
4914	0	0
4915	46	1
4916	30	1
4917	77	1
4918	33	1
4919	20	1
4920	62	1
4921	96	1
4922	6	1
4923	13	1
4924	25	1
4925	9	1
4926	43	1
4927	29	1
4928	46	1
4929	49	1
4930	77	1
4931	72	1
4932	20	1
4933	62	1
4934	26	1
4935	0	0
4936	26	1
4937	25	1
4938	41	1
4939	43	1
4940	20	1
4941	65	1
4942	62	1
4943	19	1
4944	13	1
4945	18	1
4946	25	1
4947	46	1
4948	41	1
4949	40	1
4950	55	1
4951	18	1
4952	11	1
4953	4	1
4954	11	1
4955	12	1
4956	78	1
4957	61	1
4958	65	1
4959	21	1
4960	6	1
4961	62	1
4962	10	1
4963	52	1
4964	62	1
4965	24	1
4966	3	1
4967	31	1
4968	9	1
4969	40	1
4970	29	1
4971	29	1
4972	48	1
4973	84	1
4974	62	1
4975	26	1
4976	31	1
4977	20	1
4978	9	1
4979	26	1
4980	46	1
4981	12	1
4982	26	1
4983	82	1
4984	9	1
4985	20	1
4986	3	1
4987	74	1
4988	55	1
4989	40	1
4990	84	1
4991	12	1
4992	21	1
4993	29	1
4994	12	1
4995	46	1
4996	18	1
4997	84	1
4998	18	1
4999	3	1
5000	21	1
5001	48	1
5002	57	1
5003	8	1
5004	48	1
5005	45	1
5006	29	1
5007	10	1
5008	43	1
5009	3	1
5010	84	1
5011	13	1
5012	48	1
5013	46	1
5014	24	1
5015	21	1
5016	84	1
5017	11	1
5018	20	1
5019	21	1
5020	20	1
5021	6	1
5022	28	1
5023	10	1
5024	36	1
5025	46	1
5026	36	0
5027	48	1
5028	45	1
5029	29	1
5030	72	1
5031	9	1
5032	62	1
5033	13	1
5034	48	1
5035	18	1
5036	20	1
5037	83	1
5038	29	1
5039	36	1
5040	18	1
5041	56	1
5042	18	1
5043	45	1
5044	48	1
5045	77	1
5046	48	1
5047	31	1
5048	41	1
5049	84	1
5050	26	1
5051	13	1
5052	0	0
5053	1	1
5054	48	1
5055	25	1
5056	59	1
5057	41	1
5058	26	1
5059	9	1
5060	12	1
5061	0	0
5062	41	1
5063	12	1
5064	48	1
5065	7	1
5066	46	1
5067	11	1
5068	18	1
5069	3	1
5070	54	1
5071	84	1
5072	31	1
5073	0	0
5074	33	1
5075	48	1
5076	57	1
5077	3	1
5078	0	0
5079	25	1
5080	1	1
5081	84	1
5082	2	1
5083	20	1
5084	6	1
5085	3	1
5086	43	1
5087	0	0
5088	1	1
5089	2	1
5090	46	1
5091	84	1
5092	3	1
5093	41	1
5094	13	1
5095	29	0
5096	18	1
5097	6	1
5098	59	1
5099	0	0
5100	1	1
5101	22	1
5102	31	1
5103	46	1
5104	48	1
5105	45	1
5106	83	1
5107	40	1
5108	3	1
5109	74	1
5110	62	1
5111	61	1
5112	46	1
5113	51	1
5114	45	1
5115	26	1
5116	43	1
5117	57	1
5118	20	1
5119	11	1
5120	34	1
5121	6	1
5122	20	1
5123	32	1
5124	18	1
5125	20	1
5126	16	1
5127	29	1
5128	20	1
5129	48	1
5130	40	1
5131	65	1
5132	12	1
5133	5	1
5134	20	1
5135	46	1
5136	56	1
5137	25	1
5138	55	1
5139	63	1
5140	77	1
5141	31	1
5142	29	1
5143	84	1
5144	53	1
5145	55	1
5146	31	1
5147	41	1
5148	48	1
5149	21	1
5150	17	1
5151	56	1
5152	6	1
5153	21	1
5154	27	1
5155	22	1
5156	48	1
5157	41	1
5158	20	1
5159	33	1
5160	20	1
5161	65	1
5162	62	1
5163	11	1
5164	21	1
5165	62	1
5166	84	1
5167	67	1
5168	11	1
5169	65	1
5170	45	1
5171	20	1
5172	41	1
5173	26	1
5174	0	0
5175	56	1
5176	6	1
5177	4	1
5178	6	1
5179	22	1
5180	24	1
5181	40	1
5182	0	0
5183	0	0
5184	11	1
5185	75	1
5186	60	1
5187	70	1
5188	65	1
5189	33	1
5190	35	1
5191	18	1
5192	18	1
5193	62	1
5194	17	1
5195	16	1
5196	0	0
5197	34	1
5198	30	1
5199	65	1
5200	38	1
5201	9	1
5202	72	1
5203	6	1
5204	64	1
5205	19	1
5206	43	1
5207	45	1
5208	12	1
5209	28	1
5210	0	0
5211	30	1
5212	43	1
5213	41	1
5214	6	1
5215	65	1
5216	41	1
5217	66	1
5218	56	1
5219	82	1
5220	46	1
5221	30	1
5222	14	1
5223	12	1
5224	32	1
5225	48	1
5226	1	1
5227	56	1
5228	0	0
5229	20	1
5230	73	1
5231	57	1
5232	56	1
5233	5	1
5234	33	1
5235	26	1
5236	6	1
5237	36	1
5238	26	1
5239	89	1
5240	14	1
5241	13	1
5242	12	1
5243	16	1
5244	16	1
5245	0	0
5246	2	1
5247	50	0
5248	84	1
5249	24	1
5250	0	0
5251	0	0
5252	59	1
5253	13	1
5254	21	1
5255	61	1
5256	41	1
5257	0	0
5258	0	0
5259	56	1
5260	56	1
5261	6	1
5262	13	1
5263	14	1
5264	12	1
5265	31	1
5266	13	1
5267	56	1
5268	37	1
5269	45	1
5270	4	1
5271	13	1
5272	84	1
5273	0	0
5274	12	1
5275	12	1
5276	11	1
5277	56	1
5278	15	1
5279	13	1
5280	45	1
5281	22	1
5282	6	1
5283	11	1
5284	57	1
5285	41	1
5286	11	1
5287	5	1
5288	33	1
5289	22	1
5290	54	1
5291	12	1
5292	89	1
5293	65	1
5294	41	1
5295	30	1
5296	7	1
5297	75	1
5298	12	1
5299	56	1
5300	31	1
5301	37	1
5302	6	1
5303	16	1
5304	20	1
5305	43	1
5306	13	1
5307	0	0
5308	0	0
5309	43	1
5310	23	1
5311	31	1
5312	41	1
5313	35	1
5314	12	1
5315	43	1
5316	0	0
5317	12	1
5318	0	0
5319	66	1
5320	54	1
5321	13	1
5322	56	1
5323	27	1
5324	6	1
5325	19	1
5326	64	1
5327	84	1
5328	23	1
5329	12	1
5330	36	1
5331	24	1
5332	41	1
5333	45	1
5334	64	1
5335	45	1
5336	84	1
5337	75	1
5338	30	1
5339	20	1
5340	29	1
5341	8	1
5342	0	0
5343	13	1
5344	41	1
5345	17	1
5346	57	1
5347	22	1
5348	79	1
5349	13	1
5350	12	1
5351	1	1
5352	12	1
5353	42	1
5354	0	0
5355	89	1
5356	26	1
5357	55	1
5358	41	1
5359	89	1
5360	20	1
5361	13	1
5362	9	1
5363	61	1
5364	13	1
5365	6	1
5366	2	1
5367	0	0
5368	75	1
5369	45	1
5370	66	1
5371	12	1
5372	63	1
5373	64	1
5374	11	1
5375	79	1
5376	8	1
5377	20	1
5378	20	1
5379	65	1
5380	41	1
5381	28	1
5382	16	1
5383	84	1
5384	7	1
5385	9	1
5386	50	1
5387	12	1
5388	55	1
5389	74	1
5390	45	1
5391	15	1
5392	3	1
5393	58	1
5394	31	1
5395	33	1
5396	6	1
5397	2	1
5398	2	1
5399	0	0
5400	81	1
5401	91	1
5402	0	0
5403	77	1
5404	20	1
5405	86	1
5406	0	0
5407	79	1
5408	12	1
5409	37	1
5410	75	1
5411	12	1
5412	10	1
5413	13	1
5414	3	1
5415	13	1
5416	80	1
5417	41	1
5418	45	1
5419	13	1
5420	84	1
5421	53	1
5422	85	1
5423	66	1
5424	55	1
5425	49	1
5426	0	0
5427	51	1
5428	77	1
5429	8	1
5430	20	1
5431	27	1
5432	30	1
5433	27	1
5434	20	1
5435	6	1
5436	12	1
5437	60	1
5438	36	1
5439	19	1
5440	26	1
5441	0	0
5442	3	1
5443	12	1
5444	30	1
5445	6	1
5446	0	0
5447	5	1
5448	43	1
5449	32	1
5450	82	1
5451	12	1
5452	3	1
5453	0	0
5454	42	1
5455	5	1
5456	24	1
5457	55	1
5458	76	1
5459	40	1
5460	60	1
5461	5	1
5462	47	1
5463	34	1
5464	75	1
5465	8	1
5466	0	0
5467	84	1
5468	29	1
5469	12	1
5470	52	1
5471	40	1
5472	11	1
5473	26	1
5474	45	1
5475	41	1
5476	16	1
5477	6	1
5478	36	1
5479	36	1
5480	10	1
5481	34	1
5482	84	1
5483	79	1
5484	20	1
5485	9	1
5486	6	1
5487	14	1
5488	29	1
5489	31	1
5490	84	1
5491	45	1
5492	3	1
5493	6	1
5494	8	1
5495	50	1
5496	18	1
5497	19	1
5498	41	1
5499	55	1
5500	0	0
5501	0	0
5502	52	1
5503	29	1
5504	5	1
5505	29	1
5506	14	1
5507	20	1
5508	34	1
5509	13	1
5510	18	1
5511	0	0
5512	7	1
5513	0	0
5514	20	1
5515	61	1
5516	7	1
5517	13	1
5518	45	1
5519	46	1
5520	29	1
5521	43	1
5522	9	1
5523	9	1
5524	45	1
5525	18	1
5526	29	1
5527	45	1
5528	25	1
5529	11	1
5530	11	1
5531	9	1
5532	40	1
5533	21	1
5534	45	1
5535	0	0
5536	0	0
5537	12	1
5538	18	1
5539	57	1
5540	18	1
5541	84	1
5542	21	1
5543	14	1
5544	29	1
5545	40	1
5546	40	1
5547	29	1
5548	59	1
5549	10	1
5550	0	0
5551	20	1
5552	50	1
5553	41	1
5554	100	1
5555	40	1
5556	89	1
5557	31	1
5558	41	1
5559	84	1
5560	97	1
5561	12	1
5562	65	1
5563	9	1
5564	46	1
5565	61	1
5566	41	1
5567	9	1
5568	25	1
5569	6	1
5570	25	1
5571	65	1
5572	33	1
5573	75	1
5574	25	1
5575	12	1
5576	41	1
5577	18	1
5578	54	1
5579	46	1
5580	18	1
5581	25	1
5582	20	1
5583	27	1
5584	6	1
5585	79	1
5586	18	1
5587	25	1
5588	3	1
5589	50	1
5590	25	1
5591	34	1
5592	45	1
5593	18	1
5594	46	1
5595	18	1
5596	10	1
5597	0	0
5598	26	1
5599	9	1
5600	29	1
5601	45	1
5602	3	1
5603	21	1
5604	84	1
5605	0	0
5606	6	1
5607	9	1
5608	45	1
5609	55	1
5610	62	1
5611	79	1
5612	9	1
5613	4	1
5614	3	1
5615	29	1
5616	0	0
5617	40	1
5618	18	1
5619	68	1
5620	0	0
5621	43	1
5622	0	0
5623	61	1
5624	62	1
5625	9	1
5626	20	1
5627	0	0
5628	43	1
5629	41	1
5630	18	1
5631	32	1
5632	0	0
5633	14	1
5634	65	1
5635	89	1
5636	6	1
5637	11	1
5638	13	1
5639	33	1
5640	3	1
5641	20	1
5642	15	1
5643	2	1
5644	15	1
5645	46	1
5646	11	1
5647	6	1
5648	20	1
5649	87	1
5650	41	1
5651	55	1
5652	31	1
5653	77	1
5654	6	1
5655	87	1
5656	11	1
5657	18	1
5658	46	1
5659	43	1
5660	38	1
5661	46	1
5662	11	1
5663	46	1
5664	11	1
5665	37	1
5666	10	1
5667	40	1
5668	52	1
5669	41	1
5670	11	1
5671	33	1
5672	0	0
5673	13	1
5674	20	1
5675	20	1
5676	20	1
5677	9	1
5678	82	0
5679	0	0
5680	7	1
5681	26	1
5682	0	0
5683	72	1
5684	72	1
5685	45	1
5686	41	1
5687	11	1
5688	62	1
5689	20	1
5690	25	1
5691	0	0
5692	45	1
5693	13	1
5694	76	1
5695	68	1
5696	72	1
5697	24	1
5698	0	0
5699	20	1
5700	11	1
5701	20	1
5702	6	1
5703	0	0
5704	0	0
5705	11	1
5706	50	1
5707	41	1
5708	84	1
5709	41	1
5710	76	1
5711	57	1
5712	40	1
5713	67	1
5714	18	1
5715	33	1
5716	20	1
5717	11	1
5718	41	1
5719	19	1
5720	12	1
5721	46	1
5722	2	1
5723	84	1
5724	64	1
5725	41	1
5726	1	1
5727	78	1
5728	12	1
5729	41	1
5730	12	1
5731	45	1
5732	1	1
5733	0	0
5734	45	1
5735	57	1
5736	0	0
5737	13	1
5738	11	1
5739	11	1
5740	6	1
5741	6	1
5742	19	1
5743	79	1
5744	0	0
5745	0	0
5746	41	1
5747	57	1
5748	50	1
5749	45	1
5750	97	1
5751	57	1
5752	13	1
5753	11	1
5754	6	1
5755	33	1
5756	75	1
5757	48	0
5758	20	1
5759	0	0
5760	52	1
5761	61	1
5762	57	1
5763	6	1
5764	42	1
5765	20	1
5766	41	1
5767	45	1
5768	3	1
5769	11	1
5770	12	1
5771	45	1
5772	57	1
5773	36	1
5774	26	1
5775	0	0
5776	6	1
5777	25	1
5778	60	1
5779	12	1
5780	18	1
5781	20	1
5782	41	1
5783	36	1
5784	8	1
5785	13	1
5786	0	0
5787	3	1
5788	19	1
5789	13	1
5790	11	1
5791	19	1
5792	3	1
5793	12	1
5794	33	1
5795	66	1
5796	57	1
5797	6	1
5798	36	1
5799	45	1
5800	68	1
5801	43	1
5802	30	1
5803	3	1
5804	46	1
5805	29	1
5806	12	1
5807	29	1
5808	59	1
5809	0	0
5810	88	1
5811	45	1
5812	11	1
5813	3	1
5814	20	1
5815	25	1
5816	6	1
5817	0	0
5818	52	1
5819	18	1
5820	8	1
5821	42	1
5822	29	1
5823	29	1
5824	19	1
5825	18	1
5826	52	1
5827	84	1
5828	0	0
5829	48	1
5830	25	1
5831	20	1
5832	83	1
5833	16	1
5834	36	1
5835	76	1
5836	3	1
5837	68	1
5838	12	1
5839	0	0
5840	0	0
5841	9	1
5842	18	1
5843	45	1
5844	65	1
5845	13	1
5846	26	1
5847	43	1
5848	18	1
5849	0	0
5850	34	1
5851	65	1
5852	39	1
5853	76	1
5854	3	1
5855	64	1
5856	63	1
5857	52	1
5858	10	1
5859	57	1
5860	20	1
5861	18	1
5862	13	1
5863	11	1
5864	29	1
5865	29	0
5866	64	1
5867	6	1
5868	50	1
5869	12	1
5870	45	1
5871	16	1
5872	11	1
5873	43	1
5874	0	0
5875	9	1
5876	11	1
5877	29	1
5878	12	1
5879	39	1
5880	3	1
5881	11	1
5882	26	1
5883	41	1
5884	45	1
5885	15	1
5886	66	1
5887	6	1
5888	11	1
5889	26	1
5890	45	1
5891	22	1
5892	41	1
5893	25	1
5894	30	1
5895	20	1
5896	57	1
5897	20	1
5898	37	1
5899	29	1
5900	27	1
5901	26	1
5902	26	1
5903	41	1
5904	12	1
5905	45	1
5906	21	1
5907	45	1
5908	9	1
5909	20	1
5910	84	1
5911	77	1
5912	41	1
5913	52	1
5914	12	1
5915	29	1
5916	31	1
5917	25	1
5918	62	1
5919	25	1
5920	79	1
5921	27	1
5922	18	1
5923	36	1
5924	45	1
5925	45	1
5926	84	1
5927	13	1
5928	45	1
5929	43	1
5930	20	1
5931	38	1
5932	0	0
5933	13	1
5934	62	1
5935	11	1
5936	29	1
5937	43	1
5938	18	1
5939	92	1
5940	6	1
5941	57	1
5942	25	1
5943	2	1
5944	41	1
5945	43	1
5946	20	1
5947	13	1
5948	45	1
5949	6	1
5950	35	1
5951	12	1
5952	4	1
5953	11	1
5954	72	1
5955	45	1
5956	89	1
5957	6	1
5958	54	1
5959	84	1
5960	3	1
5961	84	1
5962	12	1
5963	13	1
5964	30	1
5965	55	1
5966	62	1
5967	62	1
5968	43	1
5969	25	1
5970	84	1
5971	81	1
5972	11	1
5973	18	1
5974	94	1
5975	62	1
5976	45	1
5977	41	1
5978	0	0
5979	26	1
5980	52	1
5981	9	1
5982	9	1
5983	45	1
5984	6	1
5985	16	1
5986	18	1
5987	45	1
5988	46	1
5989	36	1
5990	3	1
5991	11	1
5992	3	1
5993	41	1
5994	20	1
5995	18	1
5996	34	1
5997	3	1
5998	46	1
5999	29	1
6000	62	1
6001	45	1
6002	67	1
6003	8	1
6004	26	1
6005	87	1
6006	62	1
6007	9	1
6008	36	1
6009	61	1
6010	45	1
6011	9	1
6012	45	1
6013	21	1
6014	18	1
6015	26	1
6016	45	1
6017	8	1
6018	18	1
6019	40	1
6020	11	1
6021	11	1
6022	52	1
6023	18	1
6024	62	1
6025	74	1
6026	12	1
6027	20	1
6028	13	1
6029	20	1
6030	18	1
6031	96	1
6032	62	1
6033	73	1
6034	18	1
6035	6	1
6036	41	1
6037	48	1
6038	6	1
6039	25	1
6040	25	1
6041	25	1
6042	8	1
6043	36	1
6044	53	1
6045	0	0
6046	29	1
6047	20	1
6048	12	1
6049	26	1
6050	38	1
6051	8	1
6052	18	1
6053	0	0
6054	89	1
6055	0	0
6056	18	1
6057	20	1
6058	21	1
6059	40	1
6060	85	1
6061	21	1
6062	18	1
6063	21	1
6064	56	1
6065	26	1
6066	46	1
6067	0	0
6068	40	1
6069	0	0
6070	89	1
6071	75	1
6072	89	1
6073	20	0
6074	6	1
6075	9	1
6076	48	1
6077	59	1
6078	45	1
6079	84	1
6080	19	1
6081	9	1
6082	12	1
6083	9	1
6084	99	1
6085	34	1
6086	24	1
6087	26	1
6088	46	1
6089	68	1
6090	48	1
6091	84	1
6092	62	1
6093	65	1
6094	76	1
6095	3	1
6096	20	1
6097	21	1
6098	12	1
6099	11	1
6100	40	1
6101	57	1
6102	20	1
6103	40	1
6104	3	1
6105	43	1
6106	0	0
6107	45	1
6108	24	1
6109	0	0
6110	6	1
6111	12	1
6112	0	0
6113	20	1
6114	13	1
6115	68	1
6116	45	1
6117	63	1
6118	48	1
6119	25	1
6120	36	1
6121	13	1
6122	61	1
6123	54	1
6124	6	1
6125	26	1
6126	3	1
6127	86	1
6128	12	1
6129	62	1
6130	6	1
6131	64	1
6132	1	1
6133	6	1
6134	0	0
6135	29	1
6136	11	1
6137	64	1
6138	48	1
6139	40	1
6140	74	1
6141	56	1
6142	0	0
6143	26	1
6144	65	1
6145	48	1
6146	37	1
6147	43	1
6148	31	1
6149	21	1
6150	1	1
6151	40	1
6152	62	1
6153	43	1
6154	9	1
6155	62	1
6156	44	1
6157	73	1
6158	39	1
6159	31	1
6160	26	1
6161	0	0
6162	25	1
6163	63	1
6164	26	1
6165	32	1
6166	46	1
6167	9	1
6168	5	1
6169	56	1
6170	26	1
6171	26	1
6172	84	1
6173	26	1
6174	0	0
6175	75	1
6176	9	1
6177	26	1
6178	2	1
6179	78	1
6180	79	1
6181	4	1
6182	5	1
6183	67	1
6184	6	1
6185	30	1
6186	3	1
6187	84	1
6188	0	0
6189	64	1
6190	58	1
6191	13	1
6192	65	1
6193	77	1
6194	43	1
6195	64	1
6196	51	1
6197	21	1
6198	77	1
6199	0	0
6200	18	1
6201	68	1
6202	78	1
6203	62	1
6204	77	1
6205	18	1
6206	34	1
6207	6	1
6208	26	1
6209	0	0
6210	8	1
6211	24	1
6212	65	1
6213	33	1
6214	66	1
6215	31	1
6216	41	1
6217	12	1
6218	0	0
6219	58	1
6220	4	1
6221	18	1
6222	50	1
6223	77	1
6224	20	1
6225	81	1
6226	67	1
6227	45	1
6228	18	1
6229	6	1
6230	84	1
6231	33	1
6232	48	1
6233	7	1
6234	1	1
6235	74	1
6236	68	1
6237	18	1
6238	48	1
6239	12	1
6240	62	1
6241	24	1
6242	9	1
6243	18	1
6244	27	1
6245	20	1
6246	12	1
6247	41	1
6248	1	1
6249	26	1
6250	0	0
6251	6	1
6252	24	1
6253	18	1
6254	0	0
6255	50	1
6256	18	1
6257	50	1
6258	84	1
6259	62	1
6260	10	1
6261	89	1
6262	96	1
6263	21	1
6264	43	1
6265	72	1
6266	6	1
6267	0	0
6268	0	0
6269	45	1
6270	24	1
6271	21	1
6272	21	1
6273	26	1
6274	3	1
6275	58	1
6276	65	1
6277	31	1
6278	6	1
6279	26	1
6280	21	0
6281	33	1
6282	31	0
6283	36	1
6284	50	1
6285	77	1
6286	18	1
6287	23	1
6288	0	0
6289	0	0
6290	20	1
6291	50	1
6292	58	1
6293	0	0
6294	98	1
6295	88	1
6296	21	1
6297	14	1
6298	57	1
6299	65	1
6300	0	0
6301	57	1
6302	56	1
6303	3	1
6304	72	1
6305	6	1
6306	31	1
6307	6	1
6308	96	1
6309	10	1
6310	12	1
6311	53	1
6312	23	1
6313	6	1
6314	75	1
6315	17	1
6316	73	1
6317	33	1
6318	21	1
6319	85	1
6320	66	1
6321	50	1
6322	31	1
6323	57	1
6324	66	1
6325	34	1
6326	52	1
6327	72	1
6328	18	1
6329	3	1
6330	40	1
6331	26	1
6332	66	1
6333	9	1
6334	48	1
6335	64	1
6336	31	1
6337	0	0
6338	57	1
6339	59	1
6340	27	1
6341	54	1
6342	58	1
6343	43	1
6344	30	1
6345	25	1
6346	85	1
6347	18	1
6348	67	0
6349	25	1
6350	56	1
6351	80	1
6352	2	1
6353	26	1
6354	43	1
6355	37	1
6356	61	1
6357	61	1
6358	82	1
6359	73	1
6360	61	1
6361	0	0
6362	6	1
6363	8	1
6364	29	1
6365	57	1
6366	56	1
6367	56	1
6368	20	1
6369	3	1
6370	31	1
6371	56	1
6372	55	1
6373	41	1
6374	64	1
6375	6	1
6376	61	1
6377	27	1
6378	41	1
6379	64	1
6380	48	1
6381	6	1
6382	26	1
6383	27	1
6384	0	0
6385	6	1
6386	31	1
6387	65	1
6388	20	1
6389	1	1
6390	0	0
6391	0	0
6392	13	1
6393	89	1
6394	4	1
6395	41	1
6396	59	1
6397	20	1
6398	1	1
6399	4	0
6400	8	1
6401	20	1
6402	55	1
6403	87	1
6404	67	1
6405	21	1
6406	34	1
6407	41	1
6408	56	1
6409	74	1
6410	15	1
6411	56	1
6412	29	1
6413	75	1
6414	41	1
6415	90	1
6416	6	1
6417	8	1
6418	11	1
6419	28	1
6420	48	1
6421	0	0
6422	20	1
6423	0	0
6424	44	1
6425	46	1
6426	45	1
6427	26	1
6428	26	1
6429	68	1
6430	79	1
6431	85	1
6432	41	1
6433	49	1
6434	87	1
6435	78	1
6436	45	1
6437	20	1
6438	49	1
6439	55	1
6440	28	1
6441	57	1
6442	26	1
6443	41	1
6444	68	1
6445	62	1
6446	32	1
6447	95	1
6448	56	1
6449	0	0
6450	52	1
6451	19	1
6452	27	1
6453	41	1
6454	31	1
6455	3	1
6456	20	1
6457	18	1
6458	0	0
6459	11	1
6460	5	1
6461	46	1
6462	43	1
6463	31	1
6464	57	1
6465	0	0
6466	61	1
6467	87	1
6468	1	1
6469	0	0
6470	9	1
6471	24	1
6472	60	1
6473	100	0
6474	6	1
6475	88	1
6476	55	1
6477	34	1
6478	11	1
6479	79	1
6480	8	1
6481	64	1
6482	6	1
6483	3	1
6484	79	1
6485	41	1
6486	11	1
6487	26	1
6488	26	1
6489	8	1
6490	43	1
6491	41	1
6492	25	1
6493	6	1
6494	20	1
6495	37	1
6496	25	1
6497	60	1
6498	0	0
6499	24	1
6500	3	1
6501	18	1
6502	29	1
6503	0	0
6504	77	1
6505	29	1
6506	65	1
6507	25	1
6508	18	1
6509	11	1
6510	0	0
6511	25	1
6512	37	1
6513	12	1
6514	62	1
6515	58	1
6516	19	1
6517	30	1
6518	60	1
6519	0	0
6520	0	0
6521	41	1
6522	89	1
6523	56	1
6524	89	1
6525	69	1
6526	75	1
6527	90	1
6528	65	1
6529	62	1
6530	11	1
6531	19	1
6532	25	1
6533	3	1
6534	3	1
6535	55	1
6536	16	1
6537	8	1
6538	60	1
6539	87	1
6540	0	0
6541	21	1
6542	3	1
6543	13	1
6544	29	1
6545	3	1
6546	9	1
6547	29	1
6548	37	1
6549	42	1
6550	25	1
6551	0	0
6552	40	1
6553	61	1
6554	6	1
6555	41	1
6556	0	0
6557	50	1
6558	20	1
6559	18	1
6560	69	1
6561	11	1
6562	92	1
6563	8	1
6564	21	1
6565	32	1
6566	48	1
6567	3	1
6568	29	1
6569	72	1
6570	44	1
6571	15	1
6572	25	1
6573	30	1
6574	65	1
6575	40	1
6576	55	1
6577	88	1
6578	3	1
6579	41	1
6580	52	1
6581	58	1
6582	96	1
6583	33	1
6584	59	1
6585	45	1
6586	18	1
6587	0	0
6588	21	1
6589	3	1
6590	18	1
6591	8	1
6592	45	1
6593	18	1
6594	62	1
6595	20	1
6596	3	1
6597	84	1
6598	60	1
6599	2	1
6600	19	1
6601	53	1
6602	87	1
6603	52	1
6604	68	1
6605	0	0
6606	20	1
6607	2	1
6608	29	1
6609	22	1
6610	84	1
6611	8	1
6612	6	1
6613	6	1
6614	62	1
6615	26	1
6616	20	1
6617	41	1
6618	20	1
6619	0	0
6620	90	1
6621	68	1
6622	45	1
6623	8	1
6624	29	1
6625	3	1
6626	18	1
6627	0	0
6628	86	1
6629	16	1
6630	3	1
6631	18	1
6632	84	1
6633	89	1
6634	18	1
6635	26	1
6636	43	1
6637	54	1
6638	0	0
6639	3	1
6640	26	1
6641	38	1
6642	100	0
6643	21	1
6644	18	1
6645	18	1
6646	20	1
6647	41	1
6648	29	1
6649	79	1
6650	46	1
6651	46	1
6652	21	1
6653	63	1
6654	41	1
6655	41	1
6656	33	1
6657	41	1
6658	46	1
6659	41	1
6660	6	1
6661	0	0
6662	0	0
6663	43	1
6664	40	1
6665	33	1
6666	43	1
6667	11	1
6668	98	1
6669	46	1
6670	20	1
6671	36	1
6672	63	1
6673	79	1
6674	6	1
6675	11	1
6676	17	1
6677	2	1
6678	26	1
6679	4	1
6680	26	1
6681	9	1
6682	3	1
6683	9	1
6684	62	1
6685	6	0
6686	41	1
6687	62	1
6688	21	1
6689	20	1
6690	11	1
6691	63	1
6692	57	1
6693	40	1
6694	78	1
6695	93	1
6696	61	1
6697	0	0
6698	31	1
6699	18	1
6700	27	1
6701	40	1
6702	0	0
6703	41	1
6704	16	1
6705	12	1
6706	41	1
6707	48	1
6708	48	1
6709	77	1
6710	11	1
6711	22	1
6712	8	1
6713	29	1
6714	77	1
6715	46	1
6716	62	1
6717	43	1
6718	9	1
6719	9	1
6720	84	1
6721	29	1
6722	9	1
6723	84	1
6724	46	1
6725	66	1
6726	32	1
6727	11	1
6728	84	1
6729	40	1
6730	88	1
6731	18	1
6732	12	1
6733	6	1
6734	27	1
6735	21	1
6736	83	1
6737	40	1
6738	33	1
6739	24	1
6740	11	1
6741	64	1
6742	20	1
6743	41	1
6744	20	1
6745	52	1
6746	21	1
6747	82	1
6748	20	1
6749	83	1
6750	26	1
6751	43	1
6752	21	1
6753	6	1
6754	13	1
6755	46	1
6756	41	1
6757	43	1
6758	22	1
6759	48	1
6760	48	1
6761	52	1
6762	18	1
6763	41	1
6764	72	1
6765	14	1
6766	20	1
6767	27	1
6768	26	1
6769	41	1
6770	0	0
6771	57	1
6772	84	1
6773	6	1
6774	85	1
6775	31	1
6776	31	1
6777	52	1
6778	25	1
6779	33	1
6780	18	1
6781	36	1
6782	3	1
6783	14	1
6784	84	1
6785	70	1
6786	61	1
6787	9	1
6788	20	1
6789	61	1
6790	62	1
6791	25	1
6792	0	0
6793	84	1
6794	41	1
6795	57	1
6796	26	1
6797	34	1
6798	2	1
6799	4	1
6800	21	1
6801	31	1
6802	20	1
6803	62	1
6804	45	1
6805	13	1
6806	76	1
6807	33	1
6808	13	1
6809	3	1
6810	84	1
6811	20	1
6812	20	1
6813	58	1
6814	46	1
6815	17	1
6816	41	1
6817	52	1
6818	27	1
6819	0	0
6820	26	1
6821	36	1
6822	54	1
6823	84	1
6824	66	1
6825	53	1
6826	0	0
6827	13	1
6828	31	1
6829	89	1
6830	81	1
6831	3	1
6832	13	1
6833	26	1
6834	18	1
6835	11	1
6836	57	1
6837	54	1
6838	43	1
6839	1	1
6840	84	1
6841	30	1
6842	0	0
6843	6	1
6844	12	1
6845	84	1
6846	79	1
6847	62	1
6848	64	1
6849	31	1
6850	3	1
6851	3	1
6852	6	1
6853	82	1
6854	84	1
6855	30	1
6856	18	1
6857	78	1
6858	18	1
6859	46	1
6860	16	1
6861	13	1
6862	3	1
6863	9	1
6864	50	1
6865	17	1
6866	0	0
6867	21	1
6868	26	1
6869	38	1
6870	54	1
6871	45	1
6872	16	1
6873	31	1
6874	0	0
6875	56	1
6876	76	1
6877	75	0
6878	34	1
6879	13	1
6880	68	1
6881	29	1
6882	63	1
6883	0	0
6884	25	1
6885	19	1
6886	11	1
6887	33	1
6888	29	1
6889	13	1
6890	43	1
6891	6	1
6892	20	1
6893	45	1
6894	20	1
6895	33	1
6896	5	1
6897	66	1
6898	13	1
6899	12	1
6900	25	1
6901	0	0
6902	31	1
6903	41	1
6904	59	1
6905	3	1
6906	6	1
6907	45	1
6908	12	1
6909	20	1
6910	41	1
6911	0	0
6912	41	1
6913	18	1
6914	62	1
6915	13	1
6916	25	1
6917	84	1
6918	30	1
6919	37	1
6920	13	1
6921	65	1
6922	8	1
6923	41	1
6924	20	1
6925	6	1
6926	20	1
6927	30	1
6928	58	1
6929	84	1
6930	20	1
6931	43	0
6932	19	1
6933	11	1
6934	45	1
6935	12	1
6936	31	1
6937	12	1
6938	45	1
6939	13	1
6940	45	1
6941	11	1
6942	79	1
6943	6	1
6944	13	1
6945	65	1
6946	62	1
6947	29	1
6948	6	1
6949	12	1
6950	25	1
6951	6	1
6952	26	1
6953	40	1
6954	99	1
6955	50	1
6956	19	1
6957	11	1
6958	6	1
6959	26	1
6960	21	1
6961	19	1
6962	11	1
6963	23	1
6964	20	1
6965	26	1
6966	49	1
6967	26	1
6968	41	1
6969	58	1
6970	62	1
6971	11	1
6972	43	1
6973	56	0
6974	43	1
6975	41	1
6976	37	1
6977	36	1
6978	13	1
6979	45	1
6980	31	1
6981	62	1
6982	21	1
6983	55	1
6984	40	1
6985	20	1
6986	0	0
6987	60	1
6988	29	1
6989	78	1
6990	20	1
6991	0	0
6992	18	1
6993	52	1
6994	18	1
6995	13	1
6996	25	1
6997	84	1
6998	26	1
6999	34	1
7000	6	1
7001	0	0
7002	45	1
7003	72	1
7004	84	1
7005	11	1
7006	41	1
7007	9	1
7008	40	1
7009	11	1
7010	34	1
7011	9	1
7012	21	1
7013	45	1
7014	34	1
7015	20	1
7016	12	1
7017	23	1
7018	11	1
7019	40	1
7020	3	1
7021	0	0
7022	48	1
7023	21	1
7024	48	1
7025	21	1
7026	45	1
7027	0	0
7028	43	1
7029	0	0
7030	21	1
7031	13	1
7032	27	1
7033	18	1
7034	6	1
7035	48	1
7036	18	1
7037	41	1
7038	46	1
7039	18	1
7040	3	1
7041	26	1
7042	9	1
7043	84	1
7044	62	1
7045	46	1
7046	50	1
7047	41	1
7048	11	1
7049	40	1
7050	34	1
7051	8	1
7052	7	1
7053	11	1
7054	48	1
7055	46	1
7056	21	1
7057	45	1
7058	21	1
7059	3	1
7060	6	1
7061	29	1
7062	62	1
7063	26	1
7064	20	1
7065	0	0
7066	20	1
7067	16	1
7068	48	1
7069	20	1
7070	18	1
7071	31	1
7072	84	1
7073	48	1
7074	29	1
7075	12	1
7076	96	1
7077	19	1
7078	43	1
7079	13	1
7080	84	1
7081	11	1
7082	46	1
7083	29	1
7084	58	1
7085	48	1
7086	56	1
7087	18	1
7088	13	1
7089	73	1
7090	6	1
7091	9	1
7092	62	1
7093	18	1
7094	0	0
7095	20	1
7096	9	1
7097	52	1
7098	62	1
7099	84	1
7100	6	1
7101	25	1
7102	25	1
7103	33	1
7104	12	1
7105	21	1
7106	8	1
7107	18	1
7108	0	0
7109	62	1
7110	33	1
7111	0	0
7112	21	1
7113	29	1
7114	6	1
7115	2	1
7116	18	1
7117	21	1
7118	3	1
7119	29	1
7120	20	1
7121	48	1
7122	46	1
7123	94	0
7124	13	1
7125	9	1
7126	4	1
7127	84	1
7128	9	1
7129	12	1
7130	84	1
7131	41	1
7132	46	1
7133	73	1
7134	31	1
7135	41	1
7136	41	1
7137	18	1
7138	8	1
7139	31	1
7140	7	1
7141	26	1
7142	10	1
7143	8	1
7144	18	1
7145	65	1
7146	30	1
7147	12	1
7148	3	1
7149	84	0
7150	25	1
7151	3	1
7152	12	1
7153	52	1
7154	31	1
7155	64	1
7156	46	1
7157	65	1
7158	3	1
7159	62	1
7160	13	1
7161	57	1
7162	46	1
7163	26	1
7164	2	1
7165	18	1
7166	56	1
7167	11	1
7168	20	1
7169	6	1
7170	2	1
7171	18	1
7172	65	1
7173	87	1
7174	65	1
7175	20	1
7176	18	1
7177	46	1
7178	92	1
7179	4	1
7180	16	1
7181	56	1
7182	9	1
7183	77	1
7184	3	1
7185	9	1
7186	21	1
7187	77	1
7188	56	1
7189	79	1
7190	6	1
7191	49	1
7192	17	1
7193	11	1
7194	26	1
7195	26	1
7196	41	1
7197	6	1
7198	55	1
7199	62	1
7200	20	1
7201	1	1
7202	20	1
7203	31	1
7204	21	1
7205	56	1
7206	27	1
7207	21	1
7208	43	1
7209	11	1
7210	26	1
7211	24	1
7212	16	1
7213	20	1
7214	48	1
7215	34	1
7216	20	1
7217	84	1
7218	63	1
7219	67	1
7220	45	1
7221	10	1
7222	40	1
7223	5	1
7224	9	1
7225	0	0
7226	10	1
7227	5	1
7228	13	1
7229	20	1
7230	45	1
7231	56	1
7232	26	1
7233	11	1
7234	14	1
7235	45	1
7236	29	1
7237	84	1
7238	41	1
7239	41	1
7240	33	1
7241	18	1
7242	0	0
7243	45	1
7244	0	0
7245	12	1
7246	65	1
7247	26	1
7248	24	1
7249	52	1
7250	0	0
7251	19	1
7252	84	1
7253	45	1
7254	56	1
7255	11	1
7256	20	1
7257	46	1
7258	20	1
7259	58	1
7260	41	1
7261	27	1
7262	50	1
7263	14	1
7264	45	1
7265	13	1
7266	0	0
7267	22	1
7268	75	1
7269	41	1
7270	40	1
7271	66	1
7272	26	1
7273	66	1
7274	13	1
7275	11	1
7276	13	1
7277	2	1
7278	84	1
7279	11	1
7280	20	1
7281	62	1
7282	6	1
7283	70	1
7284	41	1
7285	45	1
7286	9	1
7287	52	1
7288	84	1
7289	20	1
7290	56	1
7291	0	0
7292	45	1
7293	16	1
7294	56	1
7295	6	1
7296	31	1
7297	45	1
7298	6	1
7299	0	0
7300	29	1
7301	12	1
7302	60	1
7303	20	1
7304	40	1
7305	20	1
7306	6	1
7307	45	1
7308	19	1
7309	6	1
7310	36	1
7311	12	1
7312	9	1
7313	61	1
7314	10	1
7315	66	1
7316	65	1
7317	84	1
7318	36	1
7319	11	1
7320	84	1
7321	20	1
7322	92	1
7323	84	1
7324	0	0
7325	10	1
7326	13	1
7327	20	1
7328	57	1
7329	58	1
7330	12	1
7331	9	1
7332	26	1
7333	20	1
7334	36	1
7335	57	1
7336	41	1
7337	41	1
7338	11	1
7339	59	1
7340	92	1
7341	43	1
7342	29	1
7343	56	1
7344	23	1
7345	6	1
7346	29	1
7347	65	1
7348	61	1
7349	14	1
7350	46	1
7351	0	0
7352	34	1
7353	11	1
7354	12	1
7355	59	1
7356	50	1
7357	26	1
7358	65	1
7359	11	1
7360	11	1
7361	31	1
7362	20	1
7363	6	1
7364	12	1
7365	84	1
7366	1	1
7367	13	1
7368	26	1
7369	13	1
7370	24	1
7371	27	1
7372	73	1
7373	30	1
7374	46	1
7375	45	1
7376	12	1
7377	31	1
7378	36	1
7379	12	1
7380	41	1
7381	43	1
7382	65	1
7383	20	1
7384	11	1
7385	13	1
7386	45	1
7387	12	1
7388	84	1
7389	23	1
7390	12	1
7391	6	1
7392	64	1
7393	11	1
7394	6	1
7395	29	1
7396	81	1
7397	56	1
7398	57	1
7399	26	1
7400	43	1
7401	11	1
7402	11	1
7403	62	1
7404	0	0
7405	41	1
7406	43	1
7407	21	1
7408	56	1
7409	12	1
7410	84	1
7411	34	1
7412	16	1
7413	11	1
7414	58	1
7415	29	1
7416	20	1
7417	26	1
7418	0	0
7419	56	1
7420	0	0
7421	21	1
7422	45	1
7423	13	1
7424	63	1
7425	37	1
7426	37	1
7427	41	1
7428	3	1
7429	68	1
7430	52	1
7431	45	1
7432	22	1
7433	0	0
7434	13	1
7435	20	1
7436	79	1
7437	45	1
7438	3	1
7439	45	1
7440	26	1
7441	0	0
7442	0	0
7443	52	1
7444	87	1
7445	30	1
7446	20	1
7447	37	1
7448	0	0
7449	6	1
7450	31	1
7451	79	1
7452	66	1
7453	50	1
7454	14	1
7455	58	1
7456	65	1
7457	42	1
7458	85	1
7459	0	0
7460	70	1
7461	41	1
7462	50	0
7463	6	1
7464	6	1
7465	0	0
7466	45	1
7467	91	1
7468	45	1
7469	45	1
7470	26	1
7471	0	0
7472	56	1
7473	9	1
7474	12	1
7475	12	1
7476	49	1
7477	56	1
7478	45	1
7479	18	1
7480	6	1
7481	6	1
7482	7	1
7483	43	1
7484	95	1
7485	13	1
7486	12	1
7487	79	1
7488	0	0
7489	25	1
7490	25	1
7491	32	1
7492	25	1
7493	76	1
7494	76	1
7495	3	1
7496	3	1
7497	11	1
7498	32	1
7499	0	0
7500	37	1
7501	6	1
7502	52	1
7503	29	1
7504	6	1
7505	65	1
7506	18	1
7507	45	1
7508	13	1
7509	3	1
7510	13	1
7511	40	1
7512	29	1
7513	6	1
7514	57	1
7515	36	1
7516	17	1
7517	26	1
7518	25	1
7519	3	1
7520	9	1
7521	3	1
7522	11	1
7523	25	1
7524	41	1
7525	6	1
7526	45	1
7527	8	1
7528	22	1
7529	6	1
7530	16	1
7531	20	1
7532	20	1
7533	29	1
7534	66	1
7535	61	1
7536	0	0
7537	29	1
7538	0	0
7539	35	1
7540	71	1
7541	20	1
7542	11	1
7543	0	0
7544	34	1
7545	84	1
7546	95	1
7547	12	1
7548	65	1
7549	84	1
7550	31	1
7551	18	1
7552	29	1
7553	18	1
7554	29	1
7555	21	1
7556	84	1
7557	70	1
7558	45	1
7559	78	1
7560	21	1
7561	13	1
7562	8	1
7563	3	1
7564	29	1
7565	21	1
7566	25	1
7567	61	1
7568	84	1
7569	29	1
7570	29	1
7571	18	1
7572	24	1
7573	6	1
7574	3	1
7575	0	0
7576	84	1
7577	77	1
7578	84	1
7579	78	1
7580	53	1
7581	24	1
7582	0	0
7583	18	1
7584	11	1
7585	30	1
7586	18	1
7587	9	1
7588	9	1
7589	0	0
7590	45	1
7591	40	1
7592	13	1
7593	6	1
7594	34	1
7595	30	1
7596	43	1
7597	18	1
7598	12	1
7599	25	1
7600	8	1
7601	63	1
7602	3	1
7603	34	1
7604	0	0
7605	82	1
7606	6	1
7607	41	1
7608	12	1
7609	3	1
7610	12	1
7611	0	0
7612	18	1
7613	6	1
7614	45	1
7615	12	1
7616	18	1
7617	11	1
7618	33	1
7619	62	1
7620	18	1
7621	26	1
7622	62	1
7623	29	1
7624	29	1
7625	12	1
7626	20	1
7627	34	1
7628	62	1
7629	29	1
7630	12	1
7631	29	1
7632	27	1
7633	82	1
7634	41	1
7635	41	1
7636	26	1
7637	0	0
7638	2	1
7639	40	1
7640	29	1
7641	64	1
7642	0	0
7643	8	1
7644	41	1
7645	22	1
7646	33	1
7647	66	1
7648	8	1
7649	63	1
7650	41	1
7651	29	1
7652	21	1
7653	0	0
7654	12	1
7655	46	1
7656	11	1
7657	98	0
7658	62	1
7659	32	1
7660	18	1
7661	29	1
7662	4	1
7663	13	1
7664	22	1
7665	0	0
7666	25	1
7667	99	1
7668	0	0
7669	84	1
7670	62	1
7671	65	1
7672	29	1
7673	25	1
7674	29	1
7675	43	1
7676	9	1
7677	35	1
7678	76	1
7679	46	1
7680	78	1
7681	56	1
7682	12	1
7683	0	0
7684	40	1
7685	84	1
7686	3	1
7687	11	1
7688	2	1
7689	20	1
7690	26	1
7691	25	1
7692	5	1
7693	29	1
7694	21	0
7695	44	1
7696	3	1
7697	33	1
7698	26	1
7699	32	1
7700	37	1
7701	56	1
7702	37	1
7703	21	1
7704	62	1
7705	18	1
7706	65	1
7707	25	1
7708	42	1
7709	18	1
7710	9	1
7711	20	1
7712	20	1
7713	0	0
7714	41	1
7715	0	0
7716	6	1
7717	45	1
7718	37	1
7719	16	1
7720	22	1
7721	79	1
7722	23	1
7723	6	1
7724	79	1
7725	31	1
7726	31	1
7727	84	1
7728	82	1
7729	0	0
7730	66	1
7731	67	1
7732	21	1
7733	26	1
7734	6	1
7735	6	1
7736	85	1
7737	6	1
7738	45	1
7739	6	1
7740	40	1
7741	2	1
7742	13	1
7743	62	1
7744	21	1
7745	24	1
7746	3	1
7747	37	1
7748	62	1
7749	11	1
7750	60	1
7751	26	1
7752	45	1
7753	84	1
7754	22	1
7755	41	1
7756	21	1
7757	57	1
7758	46	1
7759	81	1
7760	0	0
7761	41	1
7762	19	1
7763	46	1
7764	45	1
7765	40	1
7766	44	1
7767	10	1
7768	33	1
7769	13	1
7770	84	1
7771	80	1
7772	11	1
7773	63	1
7774	20	1
7775	92	1
7776	26	1
7777	18	1
7778	62	1
7779	48	1
7780	9	1
7781	20	1
7782	12	1
7783	45	1
7784	31	1
7785	37	1
7786	57	1
7787	0	0
7788	19	1
7789	12	1
7790	41	1
7791	84	1
7792	82	1
7793	57	1
7794	60	1
7795	6	1
7796	36	1
7797	96	1
7798	91	1
7799	31	1
7800	0	0
7801	58	1
7802	26	1
7803	76	1
7804	3	1
7805	12	1
7806	10	1
7807	41	1
7808	64	1
7809	20	1
7810	56	1
7811	57	1
7812	57	1
7813	22	1
7814	3	1
7815	6	1
7816	84	1
7817	43	1
7818	6	1
7819	84	1
7820	30	1
7821	19	1
7822	13	0
7823	0	0
7824	3	1
7825	3	1
7826	11	1
7827	20	1
7828	57	1
7829	84	1
7830	41	1
7831	46	1
7832	18	1
7833	12	1
7834	29	1
7835	2	1
7836	8	1
7837	31	1
7838	3	1
7839	31	1
7840	0	0
7841	84	1
7842	46	1
7843	29	1
7844	61	1
7845	4	1
7846	13	1
7847	6	1
7848	52	1
7849	6	1
7850	0	0
7851	50	1
7852	3	0
7853	29	1
7854	58	1
7855	19	1
7856	6	1
7857	31	1
7858	41	1
7859	78	1
7860	41	1
7861	62	1
7862	19	1
7863	20	1
7864	0	0
7865	12	1
7866	41	1
7867	13	1
7868	32	1
7869	84	1
7870	29	1
7871	43	1
7872	0	0
7873	48	1
7874	84	1
7875	26	1
7876	52	1
7877	8	1
7878	61	1
7879	13	1
7880	12	1
7881	66	1
7882	11	1
7883	52	1
7884	48	1
7885	57	1
7886	29	1
7887	57	1
7888	3	1
7889	11	1
7890	13	1
7891	31	1
7892	16	1
7893	6	1
7894	11	1
7895	50	1
7896	45	1
7897	26	1
7898	25	1
7899	73	1
7900	45	1
7901	74	1
7902	84	1
7903	74	1
7904	60	1
7905	41	1
7906	28	1
7907	65	1
7908	76	1
7909	84	1
7910	9	1
7911	0	0
7912	33	1
7913	41	1
7914	18	1
7915	12	1
7916	25	1
7917	45	1
7918	0	0
7919	79	1
7920	31	1
7921	40	1
7922	45	1
7923	40	1
7924	6	1
7925	11	1
7926	41	1
7927	75	0
7928	6	1
7929	41	1
7930	31	1
7931	84	1
7932	76	1
7933	76	1
7934	12	1
7935	23	1
7936	45	1
7937	0	0
7938	65	1
7939	5	1
7940	66	1
7941	19	1
7942	60	1
7943	12	1
7944	0	0
7945	62	1
7946	9	1
7947	13	1
7948	15	1
7949	41	1
7950	0	0
7951	20	1
7952	40	1
7953	29	1
7954	25	1
7955	77	1
7956	26	1
7957	11	1
7958	79	1
7959	12	1
7960	45	1
7961	12	1
7962	12	1
7963	36	1
7964	66	1
7965	20	1
7966	58	1
7967	26	1
7968	71	1
7969	13	1
7970	13	1
7971	18	1
7972	26	1
7973	18	1
7974	3	1
7975	13	1
7976	20	1
7977	84	1
7978	26	1
7979	3	1
7980	84	1
7981	3	1
7982	84	1
7983	9	1
7984	43	1
7985	56	1
7986	43	1
7987	67	1
7988	25	1
7989	40	1
7990	0	0
7991	31	1
7992	27	1
7993	49	1
7994	13	1
7995	20	1
7996	84	1
7997	6	1
7998	84	1
7999	54	1
8000	11	1
8001	10	1
8002	56	1
8003	9	1
8004	12	1
8005	77	1
8006	26	1
8007	21	1
8008	45	1
8009	55	1
8010	11	1
8011	21	1
8012	84	1
8013	12	1
8014	26	1
8015	9	1
8016	29	1
8017	52	1
8018	82	1
8019	23	1
8020	77	1
8021	61	1
8022	0	0
8023	9	1
8024	13	1
8025	19	1
8026	86	1
8027	11	1
8028	11	1
8029	21	1
8030	6	1
8031	20	1
8032	77	1
8033	9	1
8034	84	1
8035	55	1
8036	40	1
8037	48	1
8038	21	1
8039	41	1
8040	34	1
8041	32	1
8042	14	1
8043	65	1
8044	21	1
8045	18	1
8046	29	1
8047	40	1
8048	62	1
8049	9	1
8050	77	1
8051	26	1
8052	31	1
8053	16	1
8054	22	1
8055	25	1
8056	11	1
8057	41	1
8058	6	1
8059	21	1
8060	72	1
8061	3	1
8062	18	1
8063	65	1
8064	29	1
8065	6	1
8066	45	1
8067	79	1
8068	43	1
8069	20	1
8070	46	1
8071	48	1
8072	36	1
8073	16	1
8074	12	1
8075	34	1
8076	25	1
8077	29	1
8078	9	1
8079	12	1
8080	40	1
8081	48	1
8082	62	1
8083	59	1
8084	11	1
8085	21	1
8086	18	1
8087	12	1
8088	40	1
8089	6	1
8090	46	1
8091	9	1
8092	21	1
8093	46	1
8094	11	1
8095	3	1
8096	0	0
8097	18	1
8098	18	1
8099	12	1
8100	30	1
8101	26	1
8102	25	1
8103	13	1
8104	23	1
8105	25	1
8106	58	1
8107	26	1
8108	26	1
8109	40	1
8110	18	1
8111	43	1
8112	39	1
8113	23	1
8114	29	1
8115	40	1
8116	18	1
8117	84	1
8118	13	1
8119	62	1
8120	58	1
8121	3	1
8122	12	1
8123	40	1
8124	0	0
8125	20	1
8126	18	1
8127	25	1
8128	18	1
8129	13	1
8130	21	1
8131	57	1
8132	36	1
8133	10	1
8134	43	1
8135	24	1
8136	21	1
8137	29	1
8138	3	1
8139	75	1
8140	46	1
8141	11	1
8142	57	1
8143	56	1
8144	13	1
8145	0	0
8146	64	1
8147	33	1
8148	45	1
8149	22	1
8150	46	1
8151	40	1
8152	21	1
8153	23	1
8154	26	1
8155	3	1
8156	6	1
8157	26	1
8158	79	1
8159	40	1
8160	20	1
8161	21	1
8162	89	1
8163	0	0
8164	11	0
8165	0	0
8166	91	1
8167	41	1
8168	18	1
8169	1	1
8170	1	1
8171	12	1
8172	65	1
8173	93	1
8174	41	1
8175	36	1
8176	18	1
8177	6	1
8178	33	1
8179	6	1
8180	96	1
8181	65	1
8182	65	1
8183	49	1
8184	18	1
8185	34	1
8186	18	1
8187	21	1
8188	6	1
8189	48	1
8190	62	1
8191	49	1
8192	18	1
8193	65	1
8194	2	1
8195	59	1
8196	48	1
8197	3	1
8198	54	1
8199	9	1
8200	25	1
8201	9	1
8202	31	1
8203	2	1
8204	12	1
8205	15	1
8206	45	1
8207	8	1
8208	62	1
8209	31	1
8210	62	1
8211	73	1
8212	2	1
8213	31	1
8214	79	1
8215	84	1
8216	78	1
8217	6	1
8218	18	1
8219	26	1
8220	5	1
8221	18	1
8222	44	1
8223	27	1
8224	26	1
8225	85	1
8226	56	1
8227	1	1
8228	64	1
8229	26	1
8230	46	1
8231	0	0
8232	59	1
8233	32	1
8234	9	1
8235	9	1
8236	0	0
8237	28	1
8238	62	1
8239	9	1
8240	29	1
8241	45	1
8242	13	1
8243	3	1
8244	35	1
8245	92	1
8246	3	1
8247	53	1
8248	26	1
8249	62	1
8250	40	1
8251	72	1
8252	3	1
8253	75	1
8254	12	1
8255	18	1
8256	6	1
8257	56	1
8258	82	1
8259	48	1
8260	43	1
8261	20	1
8262	6	1
8263	70	1
8264	46	1
8265	1	1
8266	7	1
8267	0	0
8268	0	0
8269	28	1
8270	72	1
8271	43	1
8272	6	1
8273	6	1
8274	40	1
8275	21	1
8276	43	1
8277	74	1
8278	12	1
8279	45	1
8280	95	1
8281	62	1
8282	32	1
8283	64	1
8284	3	1
8285	23	1
8286	49	1
8287	31	1
8288	32	1
8289	2	1
8290	2	1
8291	43	1
8292	19	1
8293	17	1
8294	77	1
8295	0	0
8296	2	1
8297	21	1
8298	76	1
8299	2	1
8300	57	1
8301	0	0
8302	50	1
8303	29	1
8304	18	1
8305	43	1
8306	36	1
8307	9	1
8308	43	1
8309	78	1
8310	6	1
8311	20	1
8312	18	1
8313	0	0
8314	40	1
8315	6	1
8316	20	1
8317	50	1
8318	0	0
8319	50	1
8320	13	1
8321	56	1
8322	12	1
8323	25	1
8324	49	1
8325	49	1
8326	41	1
8327	50	1
8328	58	1
8329	18	1
8330	0	0
8331	26	1
8332	62	1
8333	22	1
8334	19	1
8335	53	1
8336	0	0
8337	33	1
8338	19	1
8339	21	1
8340	0	0
8341	0	0
8342	92	1
8343	3	1
8344	27	1
8345	19	1
8346	61	1
8347	73	1
8348	19	1
8349	36	1
8350	6	1
8351	26	1
8352	43	1
8353	28	1
8354	1	1
8355	65	1
8356	11	1
8357	0	0
8358	35	1
8359	0	0
8360	9	1
8361	23	1
8362	19	1
8363	21	1
8364	26	1
8365	31	1
8366	81	1
8367	0	0
8368	11	1
8369	89	1
8370	0	0
8371	36	1
8372	6	1
8373	18	1
8374	3	1
8375	53	1
8376	54	1
8377	48	1
8378	43	1
8379	6	1
8380	84	1
8381	36	1
8382	89	1
8383	89	1
8384	16	1
8385	43	1
8386	16	1
8387	20	1
8388	58	1
8389	6	1
8390	3	1
8391	48	1
8392	50	1
8393	0	0
8394	54	1
8395	16	1
8396	20	1
8397	20	1
8398	3	1
8399	26	1
8400	38	1
8401	19	1
8402	58	1
8403	19	1
8404	4	1
8405	75	1
8406	26	1
8407	43	1
8408	0	0
8409	56	1
8410	0	0
8411	36	1
8412	63	1
8413	68	1
8414	65	1
8415	43	1
8416	48	1
8417	4	1
8418	22	1
8419	79	1
8420	20	1
8421	55	1
8422	19	1
8423	52	1
8424	2	1
8425	40	1
8426	18	1
8427	5	1
8428	56	1
8429	6	1
8430	41	1
8431	6	1
8432	29	1
8433	0	0
8434	63	1
8435	56	1
8436	41	1
8437	49	1
8438	63	1
8439	75	1
8440	56	1
8441	0	0
8442	55	1
8443	36	1
8444	56	1
8445	29	1
8446	41	1
8447	32	1
8448	31	1
8449	55	1
8450	55	1
8451	56	1
8452	9	1
8453	36	1
8454	26	1
8455	20	1
8456	41	1
8457	12	1
8458	77	1
8459	67	1
8460	43	1
8461	28	1
8462	9	1
8463	97	1
8464	6	1
8465	8	1
8466	0	0
8467	79	1
8468	3	1
8469	49	1
8470	21	1
8471	42	1
8472	26	1
8473	62	1
8474	19	1
8475	32	1
8476	0	0
8477	22	1
8478	41	1
8479	65	1
8480	52	1
8481	21	1
8482	54	1
8483	26	1
8484	20	1
8485	58	1
8486	45	1
8487	81	1
8488	6	1
8489	54	1
8490	2	1
8491	56	1
8492	83	1
8493	31	1
8494	74	1
8495	8	1
8496	84	1
8497	0	0
8498	6	1
8499	77	1
8500	41	1
8501	6	1
8502	11	1
8503	38	1
8504	16	1
8505	11	1
8506	64	1
8507	44	1
8508	55	1
8509	9	1
8510	57	1
8511	11	1
8512	56	1
8513	48	1
8514	46	1
8515	0	0
8516	31	1
8517	19	1
8518	58	1
8519	20	1
8520	41	1
8521	88	1
8522	36	1
8523	26	1
8524	73	1
8525	98	0
8526	26	1
8527	11	1
8528	0	0
8529	25	1
8530	52	1
8531	9	1
8532	77	1
8533	0	0
8534	76	1
8535	65	1
8536	89	1
8537	25	1
8538	11	1
8539	18	1
8540	29	1
8541	20	1
8542	25	1
8543	20	1
8544	20	1
8545	41	1
8546	25	1
8547	55	1
8548	64	1
8549	79	1
8550	40	1
8551	14	1
8552	71	1
8553	0	0
8554	6	1
8555	48	1
8556	29	1
8557	36	1
8558	6	1
8559	31	1
8560	0	0
8561	0	0
8562	24	1
8563	76	1
8564	2	1
8565	0	0
8566	13	1
8567	52	1
8568	21	1
8569	20	1
8570	34	1
8571	21	1
8572	84	1
8573	55	1
8574	16	1
8575	9	1
8576	16	1
8577	29	1
8578	25	1
8579	32	1
8580	20	1
8581	0	0
8582	41	1
8583	21	1
8584	48	1
8585	49	1
8586	14	1
8587	11	1
8588	10	1
8589	40	1
8590	43	1
8591	60	1
8592	20	1
8593	25	1
8594	41	1
8595	3	1
8596	18	1
8597	18	1
8598	11	1
8599	6	1
8600	18	1
8601	6	1
8602	37	1
8603	29	1
8604	20	1
8605	43	0
8606	9	1
8607	21	1
8608	30	1
8609	0	0
8610	43	1
8611	23	1
8612	0	0
8613	87	1
8614	28	1
8615	15	1
8616	16	1
8617	6	1
8618	43	1
8619	21	1
8620	6	1
8621	3	1
8622	46	1
8623	3	1
8624	55	1
8625	20	1
8626	18	1
8627	25	1
8628	41	1
8629	84	1
8630	11	1
8631	41	1
8632	3	1
8633	59	1
8634	21	1
8635	18	1
8636	41	1
8637	95	1
8638	6	1
8639	49	1
8640	73	1
8641	64	1
8642	40	1
8643	30	1
8644	33	1
8645	24	1
8646	84	1
8647	41	1
8648	6	1
8649	54	1
8650	54	1
8651	18	1
8652	9	1
8653	27	1
8654	26	1
8655	79	1
8656	0	0
8657	33	1
8658	18	1
8659	21	1
8660	2	1
8661	3	1
8662	25	1
8663	33	1
8664	57	1
8665	91	1
8666	22	1
8667	45	1
8668	18	1
8669	18	1
8670	21	1
8671	26	1
8672	18	1
8673	0	0
8674	41	1
8675	46	1
8676	12	1
8677	0	0
8678	25	1
8679	57	1
8680	56	1
8681	76	1
8682	46	1
8683	90	1
8684	62	1
8685	49	1
8686	62	1
8687	2	1
8688	52	1
8689	43	1
8690	21	1
8691	0	0
8692	18	1
8693	21	1
8694	50	1
8695	43	1
8696	58	1
8697	79	1
8698	6	1
8699	41	1
8700	9	1
8701	18	1
8702	49	1
8703	25	1
8704	21	1
8705	76	1
8706	0	0
8707	40	1
8708	15	1
8709	54	1
8710	26	1
8711	11	1
8712	55	1
8713	64	1
8714	29	1
8715	77	1
8716	40	1
8717	21	1
8718	21	1
8719	59	1
8720	92	1
8721	84	1
8722	51	1
8723	9	1
8724	6	1
8725	37	1
8726	34	1
8727	54	1
8728	41	1
8729	20	1
8730	26	1
8731	66	1
8732	20	1
8733	21	1
8734	6	1
8735	1	1
8736	84	1
8737	63	1
8738	18	1
8739	70	1
8740	6	1
8741	11	1
8742	11	1
8743	16	1
8744	26	1
8745	84	1
8746	87	1
8747	41	1
8748	48	1
8749	16	1
8750	6	1
8751	63	1
8752	76	1
8753	26	1
8754	34	1
8755	20	1
8756	43	1
8757	6	1
8758	37	1
8759	6	1
8760	18	1
8761	57	1
8762	7	1
8763	24	1
8764	42	1
8765	18	1
8766	0	0
8767	10	1
8768	57	1
8769	46	1
8770	15	1
8771	98	1
8772	66	1
8773	84	1
8774	93	1
8775	94	0
8776	16	1
8777	0	0
8778	11	1
8779	49	1
8780	55	1
8781	62	1
8782	0	0
8783	16	1
8784	18	1
8785	43	1
8786	18	1
8787	24	1
8788	48	1
8789	20	1
8790	18	1
8791	62	1
8792	52	1
8793	79	1
8794	56	1
8795	21	1
8796	9	1
8797	34	1
8798	50	1
8799	84	1
8800	52	1
8801	40	1
8802	9	0
8803	41	1
8804	91	1
8805	13	1
8806	6	1
8807	11	1
8808	37	1
8809	72	1
8810	25	1
8811	36	1
8812	24	1
8813	76	1
8814	13	1
8815	4	1
8816	12	1
8817	19	1
8818	21	1
8819	57	1
8820	20	1
8821	78	1
8822	11	1
8823	20	1
8824	0	0
8825	49	1
8826	13	1
8827	3	1
8828	14	1
8829	6	1
8830	79	1
8831	57	1
8832	3	1
8833	78	1
8834	84	1
8835	41	1
8836	31	1
8837	78	1
8838	11	1
8839	18	1
8840	25	1
8841	3	1
8842	6	1
8843	0	0
8844	3	1
8845	21	1
8846	21	1
8847	56	1
8848	31	1
8849	20	1
8850	18	1
8851	12	1
8852	84	1
8853	26	1
8854	11	1
8855	22	1
8856	61	1
8857	13	1
8858	81	1
8859	30	1
8860	11	1
8861	0	0
8862	46	1
8863	21	1
8864	6	1
8865	84	1
8866	13	1
8867	14	1
8868	16	1
8869	52	1
8870	50	1
8871	20	1
8872	12	1
8873	50	1
8874	3	1
8875	13	1
8876	50	1
8877	3	1
8878	45	1
8879	44	1
8880	11	1
8881	0	0
8882	6	1
8883	48	1
8884	18	1
8885	36	1
8886	65	1
8887	11	1
8888	65	1
8889	26	1
8890	96	1
8891	13	1
8892	89	1
8893	19	1
8894	18	1
8895	16	1
8896	26	1
8897	45	1
8898	57	1
8899	11	1
8900	20	1
8901	8	1
8902	13	1
8903	64	1
8904	41	1
8905	45	1
8906	0	0
8907	48	1
8908	84	1
8909	8	1
8910	37	1
8911	9	1
8912	50	1
8913	11	1
8914	6	1
8915	0	0
8916	25	1
8917	0	0
8918	20	1
8919	45	1
8920	3	1
8921	19	1
8922	84	1
8923	6	1
8924	12	1
8925	18	1
8926	29	1
8927	44	1
8928	50	1
8929	6	1
8930	30	1
8931	41	1
8932	3	1
8933	45	1
8934	12	1
8935	10	1
8936	9	1
8937	11	1
8938	37	1
8939	20	1
8940	45	1
8941	29	0
8942	0	0
8943	95	1
8944	13	1
8945	41	1
8946	8	1
8947	62	1
8948	73	1
8949	9	1
8950	40	1
8951	11	1
8952	48	1
8953	29	1
8954	26	1
8955	5	1
8956	12	1
8957	64	1
8958	0	0
8959	6	1
8960	84	0
8961	26	1
8962	43	1
8963	64	1
8964	30	1
8965	48	1
8966	29	1
8967	9	1
8968	6	1
8969	46	1
8970	9	1
8971	6	1
8972	62	1
8973	14	1
8974	48	1
8975	20	1
8976	45	1
8977	99	1
8978	25	1
8979	62	1
8980	20	1
8981	0	0
8982	12	1
8983	11	1
8984	26	1
8985	21	1
8986	26	1
8987	20	1
8988	84	1
8989	84	1
8990	84	1
8991	37	1
8992	12	1
8993	6	1
8994	20	1
8995	26	1
8996	11	1
8997	3	1
8998	21	1
8999	40	1
9000	41	1
9001	20	1
9002	40	1
9003	41	1
9004	65	1
9005	18	1
9006	0	0
9007	0	0
9008	22	1
9009	11	1
9010	18	1
9011	29	1
9012	62	1
9013	26	1
9014	29	1
9015	21	1
9016	67	1
9017	18	1
9018	21	1
9019	6	1
9020	84	0
9021	26	1
9022	65	1
9023	9	1
9024	62	1
9025	9	1
9026	12	1
9027	29	1
9028	52	1
9029	52	1
9030	12	1
9031	20	1
9032	26	1
9033	26	1
9034	31	1
9035	12	1
9036	12	0
9037	11	0
9038	13	1
9039	6	1
9040	41	1
9041	52	1
9042	25	1
9043	50	1
9044	4	1
9045	13	1
9046	26	1
9047	0	0
9048	79	1
9049	18	1
9050	0	0
9051	13	1
9052	16	1
9053	20	1
9054	62	1
9055	11	1
9056	25	1
9057	20	1
9058	0	0
9059	62	1
9060	18	1
9061	13	1
9062	8	1
9063	21	1
9064	19	1
9065	55	1
9066	20	1
9067	20	1
9068	40	1
9069	40	1
9070	36	1
9071	17	1
9072	43	1
9073	5	1
9074	29	1
9075	84	1
9076	77	1
9077	6	1
9078	8	1
9079	65	1
9080	0	0
9081	21	1
9082	45	1
9083	31	1
9084	48	1
9085	20	1
9086	62	1
9087	45	1
9088	6	1
9089	60	1
9090	6	1
9091	15	1
9092	84	1
9093	13	0
9094	12	1
9095	25	1
9096	26	1
9097	82	1
9098	34	1
9099	29	1
9100	96	1
9101	48	1
9102	6	1
9103	37	1
9104	81	1
9105	88	1
9106	21	1
9107	21	1
9108	1	1
9109	58	1
9110	84	1
9111	6	1
9112	52	1
9113	3	1
9114	58	1
9115	21	1
9116	45	1
9117	85	1
9118	84	1
9119	15	1
9120	0	0
9121	41	1
9122	29	1
9123	84	1
9124	40	1
9125	29	1
9126	0	0
9127	89	1
9128	6	1
9129	79	1
9130	26	1
9131	41	1
9132	25	1
9133	0	0
9134	15	1
9135	9	1
9136	29	1
9137	75	1
9138	13	1
9139	29	1
9140	13	1
9141	18	1
9142	24	1
9143	37	1
9144	84	1
9145	1	1
9146	43	1
9147	45	1
9148	8	1
9149	36	1
9150	20	1
9151	76	1
9152	11	1
9153	45	1
9154	12	1
9155	21	1
9156	62	1
9157	21	1
9158	20	1
9159	18	1
9160	76	1
9161	12	1
9162	13	1
9163	31	1
9164	18	1
9165	24	1
9166	40	1
9167	29	1
9168	41	1
9169	40	1
9170	48	1
9171	82	1
9172	18	1
9173	26	1
9174	2	1
9175	84	1
9176	3	1
9177	41	1
9178	26	1
9179	31	1
9180	0	0
9181	46	1
9182	10	1
9183	31	1
9184	26	1
9185	12	1
9186	82	1
9187	41	1
9188	41	1
9189	31	1
9190	31	1
9191	2	1
9192	12	1
9193	24	1
9194	48	1
9195	18	1
9196	0	0
9197	18	1
9198	43	1
9199	6	1
9200	18	1
9201	43	1
9202	18	1
9203	20	1
9204	46	1
9205	11	1
9206	26	1
9207	0	0
9208	20	1
9209	84	1
9210	4	1
9211	6	1
9212	84	1
9213	55	1
9214	30	1
9215	0	0
9216	62	1
9217	56	1
9218	33	1
9219	9	1
9220	64	1
9221	20	1
9222	21	1
9223	25	1
9224	77	1
9225	11	1
9226	12	1
9227	4	1
9228	6	1
9229	11	1
9230	43	1
9231	46	1
9232	18	1
9233	31	1
9234	6	1
9235	73	1
9236	12	1
9237	65	1
9238	48	1
9239	20	1
9240	56	1
9241	20	1
9242	0	0
9243	11	1
9244	16	1
9245	26	1
9246	26	1
9247	18	1
9248	13	1
9249	6	1
9250	7	1
9251	0	0
9252	20	1
9253	68	1
9254	21	1
9255	22	1
9256	48	1
9257	0	0
9258	20	1
9259	0	0
9260	26	1
9261	54	1
9262	9	1
9263	43	1
9264	11	1
9265	41	1
9266	45	1
9267	11	1
9268	3	1
9269	70	1
9270	20	1
9271	78	1
9272	3	1
9273	45	1
9274	84	1
9275	0	0
9276	36	1
9277	48	1
9278	59	1
9279	12	1
9280	10	1
9281	82	1
9282	21	1
9283	0	0
9284	82	1
9285	41	1
9286	56	1
9287	62	1
9288	84	1
9289	31	1
9290	20	1
9291	62	1
9292	5	1
9293	13	1
9294	84	1
9295	0	0
9296	49	1
9297	90	1
9298	12	1
9299	0	0
9300	13	1
9301	78	1
9302	83	1
9303	82	1
9304	9	1
9305	37	1
9306	40	1
9307	41	1
9308	36	1
9309	21	1
9310	56	1
9311	48	1
9312	17	1
9313	3	1
9314	13	1
9315	1	1
9316	50	1
9317	20	1
9318	84	1
9319	50	1
9320	84	1
9321	13	1
9322	31	1
9323	45	1
9324	19	1
9325	56	1
9326	41	1
9327	40	1
9328	20	1
9329	84	1
9330	21	1
9331	84	1
9332	64	1
9333	48	1
9334	65	1
9335	61	1
9336	22	1
9337	13	1
9338	43	1
9339	46	1
9340	3	1
9341	48	1
9342	60	1
9343	43	1
9344	45	1
9345	4	1
9346	12	1
9347	18	1
9348	13	1
9349	11	1
9350	45	1
9351	84	1
9352	8	1
9353	0	0
9354	70	1
9355	0	0
9356	40	1
9357	48	1
9358	58	1
9359	18	1
9360	26	1
9361	0	0
9362	84	1
9363	65	1
9364	20	1
9365	36	1
9366	57	1
9367	41	1
9368	66	1
9369	34	1
9370	11	1
9371	61	1
9372	11	1
9373	56	1
9374	34	1
9375	11	1
9376	0	0
9377	18	1
9378	6	1
9379	0	0
9380	92	1
9381	57	1
9382	61	1
9383	81	1
9384	24	1
9385	32	1
9386	48	1
9387	52	1
9388	6	1
9389	84	1
9390	61	1
9391	0	0
9392	33	1
9393	48	1
9394	43	1
9395	20	1
9396	29	1
9397	40	1
9398	36	1
9399	90	1
9400	0	0
9401	20	1
9402	2	1
9403	45	1
9404	20	1
9405	6	1
9406	12	1
9407	48	1
9408	24	1
9409	45	1
9410	36	1
9411	40	1
9412	1	1
9413	18	1
9414	19	1
9415	83	1
9416	11	1
9417	75	1
9418	23	1
9419	48	1
9420	31	1
9421	52	1
9422	0	0
9423	2	1
9424	43	1
9425	13	1
9426	55	1
9427	40	1
9428	18	1
9429	27	1
9430	43	1
9431	45	1
9432	41	1
9433	31	1
9434	12	1
9435	41	0
9436	52	1
9437	20	1
9438	2	1
9439	57	1
9440	20	1
9441	33	1
9442	36	1
9443	20	1
9444	11	1
9445	6	1
9446	84	1
9447	18	1
9448	11	1
9449	12	1
9450	50	1
9451	16	1
9452	3	1
9453	10	1
9454	3	1
9455	79	1
9456	12	1
9457	63	1
9458	3	1
9459	0	0
9460	76	1
9461	19	1
9462	52	1
9463	0	0
9464	26	1
9465	84	1
9466	5	1
9467	6	1
9468	16	1
9469	41	1
9470	74	1
9471	11	1
9472	16	1
9473	4	1
9474	50	1
9475	55	1
9476	12	1
9477	63	1
9478	37	1
9479	16	1
9480	65	1
9481	20	1
9482	0	0
9483	46	1
9484	17	1
9485	20	1
9486	5	1
9487	84	0
9488	50	1
9489	40	1
9490	31	1
9491	26	1
9492	57	1
9493	84	1
9494	3	1
9495	6	1
9496	41	1
9497	31	1
9498	65	1
9499	84	1
9500	75	1
9501	37	1
9502	84	1
9503	65	1
9504	65	1
9505	47	1
9506	12	1
9507	13	1
9508	61	1
9509	70	1
9510	41	1
9511	41	1
9512	84	1
9513	3	1
9514	12	1
9515	84	1
9516	20	1
9517	68	1
9518	49	1
9519	0	0
9520	13	1
9521	6	1
9522	46	1
9523	0	0
9524	4	1
9525	52	1
9526	20	1
9527	84	1
9528	20	1
9529	64	1
9530	43	1
9531	63	1
9532	3	1
9533	36	1
9534	6	1
9535	0	0
9536	84	1
9537	6	1
9538	22	1
9539	82	1
9540	20	1
9541	57	1
9542	36	1
9543	41	1
9544	6	1
9545	82	1
9546	13	1
9547	45	1
9548	16	1
9549	63	1
9550	6	1
9551	56	1
9552	75	1
9553	20	1
9554	4	1
9555	25	1
9556	34	1
9557	26	1
9558	20	1
9559	12	1
9560	84	1
9561	20	1
9562	36	1
9563	56	1
9564	13	1
9565	11	1
9566	29	1
9567	6	1
9568	8	1
9569	29	1
9570	4	1
9571	73	1
9572	57	1
9573	24	1
9574	24	1
9575	25	1
9576	45	1
9577	48	1
9578	13	1
9579	84	1
9580	0	0
9581	84	1
9582	56	1
9583	3	1
9584	0	0
9585	58	1
9586	20	1
9587	6	1
9588	12	1
9589	23	1
9590	11	1
9591	6	1
9592	76	1
9593	12	1
9594	3	1
9595	18	1
9596	13	1
9597	6	1
9598	45	1
9599	100	0
9600	0	0
9601	26	1
9602	65	1
9603	14	1
9604	84	1
9605	87	1
9606	87	1
9607	40	1
9608	52	1
9609	84	1
9610	77	1
9611	11	1
9612	20	1
9613	3	1
9614	21	1
9615	87	1
9616	1	1
9617	2	1
9618	13	1
9619	40	1
9620	12	1
9621	6	1
9622	21	1
9623	45	1
9624	13	0
9625	20	1
9626	25	1
9627	12	1
9628	19	1
9629	9	1
9630	26	1
9631	9	1
9632	18	1
9633	11	1
9634	0	0
9635	69	1
9636	18	1
9637	6	1
9638	0	0
9639	45	1
9640	18	1
9641	13	1
9642	0	0
9643	3	1
9644	78	1
9645	10	1
9646	74	0
9647	25	1
9648	8	1
9649	12	1
9650	65	1
9651	0	0
9652	76	1
9653	77	1
9654	12	1
9655	46	1
9656	20	1
9657	45	1
9658	35	1
9659	18	1
9660	25	1
9661	75	1
9662	82	1
9663	59	1
9664	6	1
9665	20	1
9666	64	1
9667	0	0
9668	9	1
9669	25	0
9670	41	1
9671	3	1
9672	25	1
9673	0	0
9674	9	1
9675	8	1
9676	0	0
9677	70	1
9678	84	1
9679	3	1
9680	22	1
9681	62	1
9682	13	1
9683	24	1
9684	48	1
9685	45	1
9686	6	1
9687	46	1
9688	2	1
9689	18	1
9690	45	1
9691	62	1
9692	18	1
9693	16	1
9694	31	1
9695	25	1
9696	9	1
9697	29	0
9698	84	1
9699	75	1
9700	68	1
9701	41	1
9702	6	1
9703	11	1
9704	24	1
9705	6	1
9706	15	1
9707	0	0
9708	100	1
9709	9	1
9710	10	1
9711	13	1
9712	46	1
9713	3	1
9714	62	1
9715	76	1
9716	89	1
9717	18	1
9718	40	1
9719	13	1
9720	26	0
9721	20	1
9722	34	0
9723	67	1
9724	61	1
9725	32	1
9726	21	1
9727	55	1
9728	22	1
9729	32	1
9730	0	0
9731	64	1
9732	20	1
9733	73	1
9734	26	0
9735	6	1
9736	73	1
9737	59	1
9738	40	1
9739	15	1
9740	58	1
9741	77	1
9742	41	1
9743	48	1
9744	6	1
9745	25	1
9746	62	1
9747	0	0
9748	40	1
9749	34	1
9750	41	1
9751	62	1
9752	20	1
9753	46	1
9754	0	0
9755	11	1
9756	9	1
9757	6	1
9758	45	1
9759	57	1
9760	26	1
9761	49	1
9762	32	1
9763	88	1
9764	13	1
9765	20	1
9766	0	0
9767	6	1
9768	6	1
9769	84	1
9770	36	1
9771	0	0
9772	4	1
9773	2	1
9774	77	1
9775	43	1
9776	8	1
9777	20	1
9778	4	1
9779	22	1
9780	82	1
9781	45	1
9782	41	1
9783	37	1
9784	82	1
9785	40	1
9786	84	1
9787	41	1
9788	20	1
9789	9	1
9790	64	1
9791	33	1
9792	45	1
9793	46	1
9794	41	1
9795	18	1
9796	9	1
9797	84	1
9798	21	1
9799	45	1
9800	5	1
9801	28	1
9802	41	1
9803	11	1
9804	41	1
9805	8	1
9806	19	1
9807	45	1
9808	53	1
9809	58	1
9810	17	1
9811	70	1
9812	34	1
9813	26	1
9814	0	0
9815	43	1
9816	26	1
9817	26	1
9818	20	1
9819	64	1
9820	30	1
9821	43	1
9822	46	1
9823	84	1
9824	13	1
9825	66	1
9826	25	1
9827	72	1
9828	26	1
9829	43	1
9830	41	1
9831	20	1
9832	66	1
9833	41	1
9834	12	1
9835	41	1
9836	19	1
9837	77	1
9838	20	1
9839	11	1
9840	34	1
9841	56	1
9842	71	1
9843	48	1
9844	10	1
9845	45	1
9846	13	1
9847	0	0
9848	45	1
9849	48	1
9850	45	1
9851	61	1
9852	6	1
9853	25	1
9854	61	1
9855	20	1
9856	48	1
9857	25	1
9858	31	1
9859	62	1
9860	84	1
9861	12	1
9862	11	1
9863	45	1
9864	24	1
9865	34	1
9866	11	1
9867	0	0
9868	46	1
9869	44	1
9870	45	1
9871	40	1
9872	0	0
9873	43	1
9874	20	1
9875	31	1
9876	52	1
9877	31	1
9878	16	1
9879	57	1
9880	26	1
9881	66	1
9882	11	1
9883	84	1
9884	12	1
9885	84	0
9886	0	0
9887	0	0
9888	49	1
9889	12	1
9890	61	1
9891	25	1
9892	57	1
9893	79	1
9894	3	1
9895	12	1
9896	12	1
9897	10	1
9898	41	1
9899	26	1
9900	30	1
9901	6	1
9902	41	1
9903	3	1
9904	20	1
9905	6	1
9906	41	1
9907	6	1
9908	20	1
9909	6	1
9910	13	1
9911	12	1
9912	61	1
9913	3	1
9914	31	1
9915	56	1
9916	11	1
9917	45	1
9918	84	1
9919	3	1
9920	26	1
9921	84	1
9922	29	1
9923	45	1
9924	20	1
9925	18	1
9926	66	1
9927	45	1
9928	29	1
9929	16	1
9930	16	1
9931	3	1
9932	25	1
9933	43	1
9934	81	1
9935	13	1
9936	23	1
9937	6	1
9938	45	1
9939	25	1
9940	26	1
9941	58	1
9942	43	1
9943	12	1
9944	63	1
9945	25	1
9946	13	1
9947	60	1
9948	20	1
9949	83	1
9950	25	1
9951	11	1
9952	31	1
9953	95	1
9954	20	1
9955	41	1
9956	6	1
9957	43	1
9958	23	0
9959	20	1
9960	20	1
9961	12	1
9962	91	1
9963	20	1
9964	13	1
9965	26	1
9966	0	0
9967	12	1
9968	3	1
9969	11	1
9970	9	1
9971	20	1
9972	68	1
9973	0	0
9974	0	0
9975	33	1
9976	58	1
9977	84	1
9978	21	1
9979	34	1
9980	40	1
9981	62	1
9982	12	1
9983	62	1
9984	11	1
9985	0	0
9986	40	1
9987	9	1
9988	12	1
9989	79	1
9990	12	1
9991	54	1
9992	6	1
9993	96	1
9994	49	1
9995	25	1
9996	26	1
9997	55	1
9998	84	1
9999	26	1
10000	11	1
